	Loading model...done.
Processing Sentence: 1 
OTHER: 1 0 0 0 0 0.0
OTHER: 1 0 0 0 1 0.0
OTHER: 1 0 0 1 0 0.0
OTHER: 1 0 0 1 1 0.0
OTHER: 1 1 0 0 0 0.0
OTHER: 1 1 0 0 1 0.0
OTHER: 1 1 0 1 0 0.0
OTHER: 1 1 0 1 1 0.0
OTHER: 1 2 0 0 0 0.0
OTHER: 1 2 0 0 1 0.0
OTHER: 1 2 0 1 0 0.0
OTHER: 1 2 0 1 1 0.0
OTHER: 1 3 0 0 0 0.0
OTHER: 1 3 0 0 1 0.0
OTHER: 1 3 0 1 0 0.0
OTHER: 1 3 0 1 1 0.0
OTHER: 1 4 0 0 0 0.0
OTHER: 1 4 0 0 1 0.0
OTHER: 1 4 0 1 0 0.0
OTHER: 1 4 0 1 1 0.0
OTHER: 1 5 0 0 0 0.0
OTHER: 1 5 0 0 1 0.0
OTHER: 1 5 0 1 0 0.0
OTHER: 1 5 0 1 1 0.0
OTHER: 1 6 0 0 0 0.0
OTHER: 1 6 0 0 1 0.0
OTHER: 1 6 0 1 0 0.0
OTHER: 1 6 0 1 1 0.0
OTHER: 1 7 0 0 0 0.0
OTHER: 1 7 0 0 1 0.0
OTHER: 1 7 0 1 0 0.0
OTHER: 1 7 0 1 1 0.0
OTHER: 1 8 0 0 0 0.0
OTHER: 1 8 0 0 1 0.0
OTHER: 1 8 0 1 0 0.0
OTHER: 1 8 0 1 1 0.0
PROB: 1 0 1 0 -0.8980661920869968
PROB: 1 0 1 1 0.04200967157909511
PROB: 1 0 2 0 -0.721813566180626
PROB: 1 0 2 1 0.09504095646053329
PROB: 1 0 3 0 -0.8205889709166566
PROB: 1 0 3 1 0.07267130357424952
PROB: 1 0 4 0 -0.09740567144910983
PROB: 1 0 4 1 0.36560674425701156
PROB: 1 0 5 0 -0.6632273290794946
PROB: 1 0 5 1 -0.02212040011917129
PROB: 1 0 6 0 -0.5082027541406356
PROB: 1 0 6 1 0.17639271785686952
PROB: 1 0 7 0 -0.5447387448224064
PROB: 1 0 7 1 0.1263187310704327
PROB: 1 0 8 0 -0.35792525391479935
PROB: 1 0 8 1 0.021588342818152535
PROB: 1 1 2 0 0.1541704781982428
PROB: 1 1 2 1 0.14199181323100174
PROB: 1 1 3 0 0.23462129197231002
PROB: 1 1 3 1 0.22252000196649338
PROB: 1 1 4 0 0.3072300433431326
PROB: 1 1 4 1 0.2776051605112305
PROB: 1 1 5 0 0.13401999298883868
PROB: 1 1 5 1 0.055413426377363614
PROB: 1 1 6 0 0.1117696366715349
PROB: 1 1 6 1 0.2578519173542171
PROB: 1 1 7 0 -0.03601358281122526
PROB: 1 1 7 1 0.11234000376913005
PROB: 1 1 8 0 0.28235777846582905
PROB: 1 1 8 1 0.029525758138227137
PROB: 1 2 3 0 0.22216727479559467
PROB: 1 2 3 1 -0.03247875139832459
PROB: 1 2 4 0 0.3673196641608115
PROB: 1 2 4 1 0.9267260797256651
PROB: 1 2 5 0 0.15998657246538206
PROB: 1 2 5 1 0.06991429310725294
PROB: 1 2 6 0 0.12190036092349217
PROB: 1 2 6 1 0.4100875160015715
PROB: 1 2 7 0 0.12211248297326797
PROB: 1 2 7 1 0.48217348828619755
PROB: 1 2 8 0 0.25864938731863535
PROB: 1 2 8 1 0.17352573284600584
PROB: 1 3 4 0 0.3346979888278576
PROB: 1 3 4 1 0.7231705155397073
PROB: 1 3 5 0 0.21894996872678255
PROB: 1 3 5 1 0.14202834687296087
PROB: 1 3 6 0 0.09719932763419915
PROB: 1 3 6 1 0.32116365654367857
PROB: 1 3 7 0 0.13397972807562322
PROB: 1 3 7 1 0.2901157884623807
PROB: 1 3 8 0 0.18080415067718666
PROB: 1 3 8 1 0.15486736633656503
PROB: 1 4 5 0 0.8349451047717273
PROB: 1 4 5 1 0.05520358972780843
PROB: 1 4 6 0 0.49610211715113883
PROB: 1 4 6 1 0.39663570714967666
PROB: 1 4 7 0 0.462868265718314
PROB: 1 4 7 1 0.3409397624032558
PROB: 1 4 8 0 0.9376868487174991
PROB: 1 4 8 1 0.261507580732418
PROB: 1 5 6 0 0.307661754735662
PROB: 1 5 6 1 0.6416769804128097
PROB: 1 5 7 0 0.13782435195502207
PROB: 1 5 7 1 0.41459817242255936
PROB: 1 5 8 0 0.10164930409522048
PROB: 1 5 8 1 0.14468397028633595
PROB: 1 6 7 0 0.4000873595936863
PROB: 1 6 7 1 0.5068697933519488
PROB: 1 6 8 0 0.2158207993224655
PROB: 1 6 8 1 0.2926387509435226
PROB: 1 7 8 0 -0.0322318402347016
PROB: 1 7 8 1 0.16517081329302058
DONE:

FINAL: 0 4.572466096886982

RESULT: 4|1:0 4|2:0 4|3:0 0|4:0 4|5:0 7|6:0 4|7:0 4|8:0
2 
OTHER: 2 0 0 0 0 0.0
OTHER: 2 0 0 0 1 0.0
OTHER: 2 0 0 1 0 0.0
OTHER: 2 0 0 1 1 0.0
OTHER: 2 1 0 0 0 0.0
OTHER: 2 1 0 0 1 0.0
OTHER: 2 1 0 1 0 0.0
OTHER: 2 1 0 1 1 0.0
OTHER: 2 2 0 0 0 0.0
OTHER: 2 2 0 0 1 0.0
OTHER: 2 2 0 1 0 0.0
OTHER: 2 2 0 1 1 0.0
OTHER: 2 3 0 0 0 0.0
OTHER: 2 3 0 0 1 0.0
OTHER: 2 3 0 1 0 0.0
OTHER: 2 3 0 1 1 0.0
OTHER: 2 4 0 0 0 0.0
OTHER: 2 4 0 0 1 0.0
OTHER: 2 4 0 1 0 0.0
OTHER: 2 4 0 1 1 0.0
OTHER: 2 5 0 0 0 0.0
OTHER: 2 5 0 0 1 0.0
OTHER: 2 5 0 1 0 0.0
OTHER: 2 5 0 1 1 0.0
OTHER: 2 6 0 0 0 0.0
OTHER: 2 6 0 0 1 0.0
OTHER: 2 6 0 1 0 0.0
OTHER: 2 6 0 1 1 0.0
OTHER: 2 7 0 0 0 0.0
OTHER: 2 7 0 0 1 0.0
OTHER: 2 7 0 1 0 0.0
OTHER: 2 7 0 1 1 0.0
OTHER: 2 8 0 0 0 0.0
OTHER: 2 8 0 0 1 0.0
OTHER: 2 8 0 1 0 0.0
OTHER: 2 8 0 1 1 0.0
OTHER: 2 9 0 0 0 0.0
OTHER: 2 9 0 0 1 0.0
OTHER: 2 9 0 1 0 0.0
OTHER: 2 9 0 1 1 0.0
OTHER: 2 10 0 0 0 0.0
OTHER: 2 10 0 0 1 0.0
OTHER: 2 10 0 1 0 0.0
OTHER: 2 10 0 1 1 0.0
OTHER: 2 11 0 0 0 0.0
OTHER: 2 11 0 0 1 0.0
OTHER: 2 11 0 1 0 0.0
OTHER: 2 11 0 1 1 0.0
OTHER: 2 12 0 0 0 0.0
OTHER: 2 12 0 0 1 0.0
OTHER: 2 12 0 1 0 0.0
OTHER: 2 12 0 1 1 0.0
OTHER: 2 13 0 0 0 0.0
OTHER: 2 13 0 0 1 0.0
OTHER: 2 13 0 1 0 0.0
OTHER: 2 13 0 1 1 0.0
OTHER: 2 14 0 0 0 0.0
OTHER: 2 14 0 0 1 0.0
OTHER: 2 14 0 1 0 0.0
OTHER: 2 14 0 1 1 0.0
OTHER: 2 15 0 0 0 0.0
OTHER: 2 15 0 0 1 0.0
OTHER: 2 15 0 1 0 0.0
OTHER: 2 15 0 1 1 0.0
OTHER: 2 16 0 0 0 0.0
OTHER: 2 16 0 0 1 0.0
OTHER: 2 16 0 1 0 0.0
OTHER: 2 16 0 1 1 0.0
OTHER: 2 17 0 0 0 0.0
OTHER: 2 17 0 0 1 0.0
OTHER: 2 17 0 1 0 0.0
OTHER: 2 17 0 1 1 0.0
OTHER: 2 18 0 0 0 0.0
OTHER: 2 18 0 0 1 0.0
OTHER: 2 18 0 1 0 0.0
OTHER: 2 18 0 1 1 0.0
OTHER: 2 19 0 0 0 0.0
OTHER: 2 19 0 0 1 0.0
OTHER: 2 19 0 1 0 0.0
OTHER: 2 19 0 1 1 0.0
OTHER: 2 20 0 0 0 0.0
OTHER: 2 20 0 0 1 0.0
OTHER: 2 20 0 1 0 0.0
OTHER: 2 20 0 1 1 0.0
OTHER: 2 21 0 0 0 0.0
OTHER: 2 21 0 0 1 0.0
OTHER: 2 21 0 1 0 0.0
OTHER: 2 21 0 1 1 0.0
OTHER: 2 22 0 0 0 0.0
OTHER: 2 22 0 0 1 0.0
OTHER: 2 22 0 1 0 0.0
OTHER: 2 22 0 1 1 0.0
OTHER: 2 23 0 0 0 0.0
OTHER: 2 23 0 0 1 0.0
OTHER: 2 23 0 1 0 0.0
OTHER: 2 23 0 1 1 0.0
OTHER: 2 24 0 0 0 0.0
OTHER: 2 24 0 0 1 0.0
OTHER: 2 24 0 1 0 0.0
OTHER: 2 24 0 1 1 0.0
OTHER: 2 25 0 0 0 0.0
OTHER: 2 25 0 0 1 0.0
OTHER: 2 25 0 1 0 0.0
OTHER: 2 25 0 1 1 0.0
OTHER: 2 26 0 0 0 0.0
OTHER: 2 26 0 0 1 0.0
OTHER: 2 26 0 1 0 0.0
OTHER: 2 26 0 1 1 0.0
OTHER: 2 27 0 0 0 0.0
OTHER: 2 27 0 0 1 0.0
OTHER: 2 27 0 1 0 0.0
OTHER: 2 27 0 1 1 0.0
OTHER: 2 28 0 0 0 0.0
OTHER: 2 28 0 0 1 0.0
OTHER: 2 28 0 1 0 0.0
OTHER: 2 28 0 1 1 0.0
OTHER: 2 29 0 0 0 0.0
OTHER: 2 29 0 0 1 0.0
OTHER: 2 29 0 1 0 0.0
OTHER: 2 29 0 1 1 0.0
OTHER: 2 30 0 0 0 0.0
OTHER: 2 30 0 0 1 0.0
OTHER: 2 30 0 1 0 0.0
OTHER: 2 30 0 1 1 0.0
OTHER: 2 31 0 0 0 0.0
OTHER: 2 31 0 0 1 0.0
OTHER: 2 31 0 1 0 0.0
OTHER: 2 31 0 1 1 0.0
OTHER: 2 32 0 0 0 0.0
OTHER: 2 32 0 0 1 0.0
OTHER: 2 32 0 1 0 0.0
OTHER: 2 32 0 1 1 0.0
OTHER: 2 33 0 0 0 0.0
OTHER: 2 33 0 0 1 0.0
OTHER: 2 33 0 1 0 0.0
OTHER: 2 33 0 1 1 0.0
OTHER: 2 34 0 0 0 0.0
OTHER: 2 34 0 0 1 0.0
OTHER: 2 34 0 1 0 0.0
OTHER: 2 34 0 1 1 0.0
OTHER: 2 35 0 0 0 0.0
OTHER: 2 35 0 0 1 0.0
OTHER: 2 35 0 1 0 0.0
OTHER: 2 35 0 1 1 0.0
OTHER: 2 36 0 0 0 0.0
OTHER: 2 36 0 0 1 0.0
OTHER: 2 36 0 1 0 0.0
OTHER: 2 36 0 1 1 0.0
OTHER: 2 37 0 0 0 0.0
OTHER: 2 37 0 0 1 0.0
OTHER: 2 37 0 1 0 0.0
OTHER: 2 37 0 1 1 0.0
OTHER: 2 38 0 0 0 0.0
OTHER: 2 38 0 0 1 0.0
OTHER: 2 38 0 1 0 0.0
OTHER: 2 38 0 1 1 0.0
OTHER: 2 39 0 0 0 0.0
OTHER: 2 39 0 0 1 0.0
OTHER: 2 39 0 1 0 0.0
OTHER: 2 39 0 1 1 0.0
OTHER: 2 40 0 0 0 0.0
OTHER: 2 40 0 0 1 0.0
OTHER: 2 40 0 1 0 0.0
OTHER: 2 40 0 1 1 0.0
PROB: 2 0 1 0 -0.9546456373267359
PROB: 2 0 1 1 0.0301560292407619
PROB: 2 0 2 0 -0.5588284612247436
PROB: 2 0 2 1 0.09079169817497738
PROB: 2 0 3 0 -0.849654049516392
PROB: 2 0 3 1 -0.004823178849951865
PROB: 2 0 4 0 -0.7137110136711575
PROB: 2 0 4 1 0.13155898233508792
PROB: 2 0 5 0 -0.6915660326070424
PROB: 2 0 5 1 0.18603187531383922
PROB: 2 0 6 0 -0.5553731496865567
PROB: 2 0 6 1 0.10995247884766518
PROB: 2 0 7 0 -0.539778107360013
PROB: 2 0 7 1 0.12554752117420886
PROB: 2 0 8 0 -0.0027518003232168634
PROB: 2 0 8 1 0.5558643700771801
PROB: 2 0 9 0 -0.46767059440875053
PROB: 2 0 9 1 -0.024155191861320396
PROB: 2 0 10 0 -0.524653690246381
PROB: 2 0 10 1 0.08034624192370438
PROB: 2 0 11 0 -0.7379318852427298
PROB: 2 0 11 1 -0.08196692334840108
PROB: 2 0 12 0 -0.6765380759842514
PROB: 2 0 12 1 0.008710635210488489
PROB: 2 0 13 0 -0.6618483494467343
PROB: 2 0 13 1 0.11481815689839608
PROB: 2 0 14 0 -0.7050495735284434
PROB: 2 0 14 1 -0.0932643850026022
PROB: 2 0 15 0 -0.6821776164125927
PROB: 2 0 15 1 0.006236193575285841
PROB: 2 0 16 0 -0.6767759007535842
PROB: 2 0 16 1 0.011637909234294287
PROB: 2 0 17 0 -0.6767759007535842
PROB: 2 0 17 1 0.011637909234294287
PROB: 2 0 18 0 -0.6632846226244513
PROB: 2 0 18 1 0.02723295156083797
PROB: 2 0 19 0 0.36416880012878483
PROB: 2 0 19 1 0.634929323721239
PROB: 2 0 20 0 -0.6956668844605747
PROB: 2 0 20 1 0.01775426042108382
PROB: 2 0 21 0 -0.8762654432121473
PROB: 2 0 21 1 0.07631529912134943
PROB: 2 0 22 0 -0.6758652416096345
PROB: 2 0 22 1 -0.01576990257840081
PROB: 2 0 23 0 -0.6994100331001023
PROB: 2 0 23 1 0.10287687629540734
PROB: 2 0 24 0 -0.6963532839360582
PROB: 2 0 24 1 0.03552841620881154
PROB: 2 0 25 0 -0.6994100331001023
PROB: 2 0 25 1 -0.02889050326974185
PROB: 2 0 26 0 -0.708665598066711
PROB: 2 0 26 1 0.0947981973132036
PROB: 2 0 27 0 -0.683526246501927
PROB: 2 0 27 1 -0.0716079456598519
PROB: 2 0 28 0 -0.7134455942874856
PROB: 2 0 28 1 0.11503586797058224
PROB: 2 0 29 0 -1.0245363895009574
PROB: 2 0 29 1 0.02938502790896256
PROB: 2 0 30 0 -0.6719693721492036
PROB: 2 0 30 1 -0.011874033117969977
PROB: 2 0 31 0 -0.6935392453271909
PROB: 2 0 31 1 -0.014051581865410067
PROB: 2 0 32 0 -0.7173419492994264
PROB: 2 0 32 1 -0.0916457050857597
PROB: 2 0 33 0 0.4057344137104254
PROB: 2 0 33 1 0.614175938269421
PROB: 2 0 34 0 -0.7251649469132562
PROB: 2 0 34 1 0.05393432194763193
PROB: 2 0 35 0 -0.6801746784975573
PROB: 2 0 35 1 0.14081414776695067
PROB: 2 0 36 0 -0.6850739355232236
PROB: 2 0 36 1 -0.0711849827999714
PROB: 2 0 37 0 -1.0806271911370502
PROB: 2 0 37 1 -0.03834696671669951
PROB: 2 0 38 0 -0.6947001772871768
PROB: 2 0 38 1 0.03718152285769292
PROB: 2 0 39 0 -1.0468069559580158
PROB: 2 0 39 1 -0.011297098158087857
PROB: 2 0 40 0 -0.45899969066160995
PROB: 2 0 40 1 -0.01576990257840081
PROB: 2 1 2 0 0.34058656769255785
PROB: 2 1 2 1 -0.05053698146768194
PROB: 2 1 3 0 0.14344947984019346
PROB: 2 1 3 1 0.07264885667820424
PROB: 2 1 4 0 0.12884373107609928
PROB: 2 1 4 1 0.46498722102023543
PROB: 2 1 5 0 0.10879563137859229
PROB: 2 1 5 1 0.2907000124144756
PROB: 2 1 6 0 0.11930551702280758
PROB: 2 1 6 1 0.3123405283745902
PROB: 2 1 7 0 0.017912750023709102
PROB: 2 1 7 1 0.3623091605893446
PROB: 2 1 8 0 0.4955248932698101
PROB: 2 1 8 1 1.2704456437314902
PROB: 2 1 9 0 0.0062125963334254825
PROB: 2 1 9 1 0.06598337304702526
PROB: 2 1 10 0 0.006108987402322519
PROB: 2 1 10 1 0.20829680706649112
PROB: 2 1 11 0 -0.001429867813084849
PROB: 2 1 11 1 0.10150421807127864
PROB: 2 1 12 0 -0.043290690731580934
PROB: 2 1 12 1 0.1257797737897372
PROB: 2 1 13 0 -0.12624666265925427
PROB: 2 1 13 1 0.10843451884575711
PROB: 2 1 14 0 -0.13745558559689341
PROB: 2 1 14 1 -0.034711319763649114
PROB: 2 1 15 0 -0.02821367244678203
PROB: 2 1 15 1 0.14085679207453605
PROB: 2 1 16 0 -0.022653790199731773
PROB: 2 1 16 1 0.14641667432158623
PROB: 2 1 17 0 -0.0011909129553883749
PROB: 2 1 17 1 0.16787955156592954
PROB: 2 1 18 0 0.03311555968446754
PROB: 2 1 18 1 0.20218602420578538
PROB: 2 1 19 0 0.6360387593499561
PROB: 2 1 19 1 1.3490494909394277
PROB: 2 1 20 0 -0.13441119497718024
PROB: 2 1 20 1 0.058192890534222295
PROB: 2 1 21 0 -0.24525762617681054
PROB: 2 1 21 1 0.10491511358962669
PROB: 2 1 22 0 -0.12097156462932339
PROB: 2 1 22 1 0.027979087511902354
PROB: 2 1 23 0 -0.14534075226698134
PROB: 2 1 23 1 0.17093288619537142
PROB: 2 1 24 0 -0.13808880647409572
PROB: 2 1 24 1 0.029747923941602826
PROB: 2 1 25 0 -0.1318915658329688
PROB: 2 1 25 1 0.019302953663920736
PROB: 2 1 26 0 -0.20293342843813095
PROB: 2 1 26 1 0.07558887074206513
PROB: 2 1 27 0 -0.13745558559689341
PROB: 2 1 27 1 -0.034711319763649114
PROB: 2 1 28 0 -0.15312941659926543
PROB: 2 1 28 1 0.2387026681454716
PROB: 2 1 29 0 0.06955303749058574
PROB: 2 1 29 1 0.6926019627443243
PROB: 2 1 30 0 -0.11455094130118489
PROB: 2 1 30 1 0.034399710840040836
PROB: 2 1 31 0 -0.10847696960846985
PROB: 2 1 31 1 0.0427175498884196
PROB: 2 1 32 0 -0.15915050247428691
PROB: 2 1 32 1 -0.036901690862003074
PROB: 2 1 33 0 0.5818165152664152
PROB: 2 1 33 1 1.2507658448516883
PROB: 2 1 34 0 -0.22600263911474555
PROB: 2 1 34 1 0.07542220808548927
PROB: 2 1 35 0 -0.15272662798192166
PROB: 2 1 35 1 0.1454814132953885
PROB: 2 1 36 0 -0.13745558559689341
PROB: 2 1 36 1 -0.034711319763649114
PROB: 2 1 37 0 0.02288817482232798
PROB: 2 1 37 1 0.63836584015337
PROB: 2 1 38 0 -0.10151779028921142
PROB: 2 1 38 1 0.06631894012648704
PROB: 2 1 39 0 0.08936449905935107
PROB: 2 1 39 1 0.7002657800061459
PROB: 2 1 40 0 0.2925506591596174
PROB: 2 1 40 1 0.032363456801163724
PROB: 2 2 3 0 0.19611700726164177
PROB: 2 2 3 1 0.05565710806734136
PROB: 2 2 4 0 0.4414003875865203
PROB: 2 2 4 1 0.25407114747658444
PROB: 2 2 5 0 0.28439174712666776
PROB: 2 2 5 1 0.31979792185762
PROB: 2 2 6 0 0.5387203947404334
PROB: 2 2 6 1 0.16822788920428322
PROB: 2 2 7 0 0.21957052093025672
PROB: 2 2 7 1 0.35166738033586165
PROB: 2 2 8 0 0.23048064250594108
PROB: 2 2 8 1 0.47597142013019084
PROB: 2 2 9 0 0.01535432080218118
PROB: 2 2 9 1 -0.05603959604950555
PROB: 2 2 10 0 0.10133393248274436
PROB: 2 2 10 1 0.20501126824545488
PROB: 2 2 11 0 0.005263882299071598
PROB: 2 2 11 1 -0.033201419193378864
PROB: 2 2 12 0 0.26510650437621164
PROB: 2 2 12 1 0.13077140793284642
PROB: 2 2 13 0 -0.25819626958480935
PROB: 2 2 13 1 -0.1746375910352344
PROB: 2 2 14 0 -0.20742705878330542
PROB: 2 2 14 1 -0.23287442536183744
PROB: 2 2 15 0 0.12274893027630615
PROB: 2 2 15 1 -0.07135229618579575
PROB: 2 2 16 0 0.1235001795401289
PROB: 2 2 16 1 -0.10303577555537646
PROB: 2 2 17 0 0.17409386885290376
PROB: 2 2 17 1 -0.08223813903881488
PROB: 2 2 18 0 0.24706678180344546
PROB: 2 2 18 1 -0.03906127888448658
PROB: 2 2 19 0 0.037528114900799395
PROB: 2 2 19 1 0.4685273463511734
PROB: 2 2 20 0 -0.23686509202484873
PROB: 2 2 20 1 -0.2635859602896086
PROB: 2 2 21 0 -0.49002958760712234
PROB: 2 2 21 1 -0.3958100970221637
PROB: 2 2 22 0 -0.10704068138889121
PROB: 2 2 22 1 -0.11174004659817299
PROB: 2 2 23 0 -0.15415607480452903
PROB: 2 2 23 1 0.01929274675291942
PROB: 2 2 24 0 -0.48863766599279734
PROB: 2 2 24 1 -0.2750232597311445
PROB: 2 2 25 0 -0.15915744848735502
PROB: 2 2 25 1 -0.1470529598015083
PROB: 2 2 26 0 -0.5446445370206959
PROB: 2 2 26 1 -0.23142978820113647
PROB: 2 2 27 0 -0.20110741752761263
PROB: 2 2 27 1 -0.2265547841061446
PROB: 2 2 28 0 -0.11297054952101974
PROB: 2 2 28 1 0.07302322642400519
PROB: 2 2 29 0 -0.6881283701894249
PROB: 2 2 29 1 -0.24419105750369502
PROB: 2 2 30 0 -0.15593957968791888
PROB: 2 2 30 1 -0.1511299826552872
PROB: 2 2 31 0 -0.15312302439551145
PROB: 2 2 31 1 -0.14101853570966472
PROB: 2 2 32 0 -0.2282246502876321
PROB: 2 2 32 1 -0.17303931016062485
PROB: 2 2 33 0 0.16603657069795397
PROB: 2 2 33 1 0.5698091703451792
PROB: 2 2 34 0 -0.2883615161194193
PROB: 2 2 34 1 -0.05732540559313094
PROB: 2 2 35 0 0.01052570927257445
PROB: 2 2 35 1 0.29784823719681036
PROB: 2 2 36 0 -0.18234890916401547
PROB: 2 2 36 1 -0.20779627574254747
PROB: 2 2 37 0 -0.8101861967117523
PROB: 2 2 37 1 -0.3602525239131628
PROB: 2 2 38 0 -0.558410113726216
PROB: 2 2 38 1 -0.06205629332850522
PROB: 2 2 39 0 -0.993233853682705
PROB: 2 2 39 1 -0.534092326020579
PROB: 2 2 40 0 0.24187494599825773
PROB: 2 2 40 1 -0.1606403808514896
PROB: 2 3 4 0 0.07076184808628763
PROB: 2 3 4 1 0.6414405067697999
PROB: 2 3 5 0 0.22125761263325314
PROB: 2 3 5 1 0.966223789251801
PROB: 2 3 6 0 0.23990635949546893
PROB: 2 3 6 1 1.0200667469962934
PROB: 2 3 7 0 0.2520805673467588
PROB: 2 3 7 1 0.6163826668688999
PROB: 2 3 8 0 0.10778960392666284
PROB: 2 3 8 1 0.5034404611279085
PROB: 2 3 9 0 -0.05984861165695973
PROB: 2 3 9 1 -0.1087150720863872
PROB: 2 3 10 0 -0.04540083401406769
PROB: 2 3 10 1 0.046826662594995044
PROB: 2 3 11 0 -0.06336104467756404
PROB: 2 3 11 1 -0.06906419593622778
PROB: 2 3 12 0 0.008295469223807951
PROB: 2 3 12 1 0.30894773935835634
PROB: 2 3 13 0 0.02141431535689208
PROB: 2 3 13 1 -0.0337966922044504
PROB: 2 3 14 0 -0.20286745871515544
PROB: 2 3 14 1 -0.16363683988727842
PROB: 2 3 15 0 -0.07276895192053756
PROB: 2 3 15 1 0.16975260534207207
PROB: 2 3 16 0 0.07980353515983842
PROB: 2 3 16 1 0.30784590795573824
PROB: 2 3 17 0 0.10332213115138081
PROB: 2 3 17 1 0.3313645039472806
PROB: 2 3 18 0 0.14457873637910876
PROB: 2 3 18 1 0.3726211091750086
PROB: 2 3 19 0 -0.1576427625275002
PROB: 2 3 19 1 0.10676606687307219
PROB: 2 3 20 0 -0.12397083464250232
PROB: 2 3 20 1 -0.03695334659491183
PROB: 2 3 21 0 -0.15352204203918707
PROB: 2 3 21 1 0.443516420655581
PROB: 2 3 22 0 -0.18366197190487488
PROB: 2 3 22 1 -0.09822496676901638
PROB: 2 3 23 0 -0.18642347138035847
PROB: 2 3 23 1 0.06633652007662724
PROB: 2 3 24 0 -0.1787622995649523
PROB: 2 3 24 1 -0.08720434459880161
PROB: 2 3 25 0 -0.17297428494634592
PROB: 2 3 25 1 -0.08529341245482369
PROB: 2 3 26 0 -0.2533445576863791
PROB: 2 3 26 1 -0.029075378721273443
PROB: 2 3 27 0 -0.19983088651391379
PROB: 2 3 27 1 -0.16060026768603677
PROB: 2 3 28 0 -0.2472836869786124
PROB: 2 3 28 1 -0.018812173525231582
PROB: 2 3 29 0 0.027881101134613798
PROB: 2 3 29 1 0.6165453647794685
PROB: 2 3 30 0 -0.1758091368061841
PROB: 2 3 30 1 -0.09037213167032562
PROB: 2 3 31 0 -0.17348451928762454
PROB: 2 3 31 1 -0.08580364679610233
PROB: 2 3 32 0 -0.22875664115505456
PROB: 2 3 32 1 -0.18430580308492353
PROB: 2 3 33 0 -0.13198201301032503
PROB: 2 3 33 1 0.06759753423162909
PROB: 2 3 34 0 -0.29554454335891345
PROB: 2 3 34 1 -0.026234031964177507
PROB: 2 3 35 0 -0.20287526684641666
PROB: 2 3 35 1 0.03871784196456932
PROB: 2 3 36 0 -0.19656584736950217
PROB: 2 3 36 1 -0.15733522854162516
PROB: 2 3 37 0 0.0840125987990712
PROB: 2 3 37 1 0.6675085170358026
PROB: 2 3 38 0 -0.17832774883988475
PROB: 2 3 38 1 -0.08676979387373407
PROB: 2 3 39 0 0.11582906300044873
PROB: 2 3 39 1 0.6963236123424421
PROB: 2 3 40 0 0.21062674543367696
PROB: 2 3 40 1 -0.09377203192037345
PROB: 2 4 5 0 0.33354822019762237
PROB: 2 4 5 1 0.6875593623362514
PROB: 2 4 6 0 0.5253744225021509
PROB: 2 4 6 1 1.0217364850511998
PROB: 2 4 7 0 0.6693220315395548
PROB: 2 4 7 1 1.267835571583024
PROB: 2 4 8 0 0.250016529462123
PROB: 2 4 8 1 0.6567341397121386
PROB: 2 4 9 0 0.18611036636721906
PROB: 2 4 9 1 0.05977211586249291
PROB: 2 4 10 0 0.08982433054324135
PROB: 2 4 10 1 0.026833648912796618
PROB: 2 4 11 0 0.0883558240344827
PROB: 2 4 11 1 -0.057524884333887014
PROB: 2 4 12 0 0.32431497865987574
PROB: 2 4 12 1 0.4315722674077511
PROB: 2 4 13 0 0.31863642329208297
PROB: 2 4 13 1 0.020743888973488805
PROB: 2 4 14 0 0.20677405076984073
PROB: 2 4 14 1 -0.07961317328077908
PROB: 2 4 15 0 0.12296145807657419
PROB: 2 4 15 1 0.05246936079309889
PROB: 2 4 16 0 0.3283538445007872
PROB: 2 4 16 1 0.2433825627506027
PROB: 2 4 17 0 0.36993241028196044
PROB: 2 4 17 1 0.2849611285317758
PROB: 2 4 18 0 0.5106895556237592
PROB: 2 4 18 1 0.4257182738735749
PROB: 2 4 19 0 0.10911340871162509
PROB: 2 4 19 1 0.42541021749834235
PROB: 2 4 20 0 0.08395012086473323
PROB: 2 4 20 1 -0.01274599237864428
PROB: 2 4 21 0 -0.0778530058084283
PROB: 2 4 21 1 0.0734528514108537
PROB: 2 4 22 0 -0.009823773248504399
PROB: 2 4 22 1 -0.13108512308161802
PROB: 2 4 23 0 -0.072998186701606
PROB: 2 4 23 1 0.010253871127080968
PROB: 2 4 24 0 -0.1637248946270547
PROB: 2 4 24 1 -0.13585909962411613
PROB: 2 4 25 0 -0.05954900026759344
PROB: 2 4 25 1 -0.14137606140436998
PROB: 2 4 26 0 -0.1873641569753251
PROB: 2 4 26 1 0.007529542562372385
PROB: 2 4 27 0 0.07801335997805418
PROB: 2 4 27 1 -0.17892627179506299
PROB: 2 4 28 0 -0.1413821503885529
PROB: 2 4 28 1 -0.046550668866389686
PROB: 2 4 29 0 0.1428284886864615
PROB: 2 4 29 1 0.2891245620902328
PROB: 2 4 30 0 -0.007253467553370953
PROB: 2 4 30 1 -0.12851481738648454
PROB: 2 4 31 0 -0.044485736394677323
PROB: 2 4 31 1 -0.12631279753145386
PROB: 2 4 32 0 -0.09558956009314024
PROB: 2 4 32 1 -0.21405958340314735
PROB: 2 4 33 0 0.12095192118482886
PROB: 2 4 33 1 0.3569583559156979
PROB: 2 4 34 0 -0.15900749823526772
PROB: 2 4 34 1 0.0030438327521973146
PROB: 2 4 35 0 -0.09525169387465449
PROB: 2 4 35 1 -0.031620067573608315
PROB: 2 4 36 0 -0.08329375944181991
PROB: 2 4 36 1 -0.23853382235496698
PROB: 2 4 37 0 0.16743251298850526
PROB: 2 4 37 1 0.3353428985215599
PROB: 2 4 38 0 -0.19546513460783044
PROB: 2 4 38 1 -0.16759933960489187
PROB: 2 4 39 0 0.2786153989778548
PROB: 2 4 39 1 0.4562361481637756
PROB: 2 4 40 0 0.3729735186717832
PROB: 2 4 40 1 -0.13114547154321501
PROB: 2 5 6 0 0.43539272266255163
PROB: 2 5 6 1 0.9085426579744997
PROB: 2 5 7 0 0.7858083900351218
PROB: 2 5 7 1 1.312630116139174
PROB: 2 5 8 0 0.33330294761295937
PROB: 2 5 8 1 0.7497488043541496
PROB: 2 5 9 0 0.20538537648459881
PROB: 2 5 9 1 0.06210355962071929
PROB: 2 5 10 0 0.20205118393985613
PROB: 2 5 10 1 0.21940691650090358
PROB: 2 5 11 0 0.08515442841515583
PROB: 2 5 11 1 -0.06072627995321388
PROB: 2 5 12 0 0.41272535681150496
PROB: 2 5 12 1 0.5348100451762258
PROB: 2 5 13 0 0.13448692320138683
PROB: 2 5 13 1 -0.07055595877664682
PROB: 2 5 14 0 0.20357265515051387
PROB: 2 5 14 1 -0.08281456890010593
PROB: 2 5 15 0 0.25098580301020634
PROB: 2 5 15 1 0.37887217477055557
PROB: 2 5 16 0 0.3876010791027299
PROB: 2 5 16 1 0.32191221555874716
PROB: 2 5 17 0 0.42917964488390326
PROB: 2 5 17 1 0.3634907813399205
PROB: 2 5 18 0 0.6183329875028564
PROB: 2 5 18 1 0.5502051096977632
PROB: 2 5 19 0 0.11096213896274834
PROB: 2 5 19 1 0.40749168638185257
PROB: 2 5 20 0 0.08515411926176036
PROB: 2 5 20 1 -0.011541993981617107
PROB: 2 5 21 0 -0.10502360272423907
PROB: 2 5 21 1 0.024606562393199735
PROB: 2 5 22 0 -0.009823773248504399
PROB: 2 5 22 1 -0.13108512308161802
PROB: 2 5 23 0 -0.05007521919254637
PROB: 2 5 23 1 0.033176838636140606
PROB: 2 5 24 0 -0.173499252703472
PROB: 2 5 24 1 -0.14563345770053343
PROB: 2 5 25 0 -0.036626032758533815
PROB: 2 5 25 1 -0.11845309389531034
PROB: 2 5 26 0 -0.28191070838708454
PROB: 2 5 26 1 -0.09196147171782365
PROB: 2 5 27 0 0.06208254297427328
PROB: 2 5 27 1 -0.1948570887988439
PROB: 2 5 28 0 -0.14380402709290757
PROB: 2 5 28 1 -0.04897254557074436
PROB: 2 5 29 0 0.113072953409208
PROB: 2 5 29 1 0.19737981813880276
PROB: 2 5 30 0 -0.007253467553370953
PROB: 2 5 30 1 -0.12851481738648454
PROB: 2 5 31 0 -0.05707775845614624
PROB: 2 5 31 1 -0.13890481959292278
PROB: 2 5 32 0 -0.09053325981384781
PROB: 2 5 32 1 -0.2147712733933426
PROB: 2 5 33 0 0.11460669974325707
PROB: 2 5 33 1 0.3308458731065131
PROB: 2 5 34 0 -0.16298455259798633
PROB: 2 5 34 1 -9.332216105212426E-4
PROB: 2 5 35 0 -0.11972435260576055
PROB: 2 5 35 1 -0.05609272630471436
PROB: 2 5 36 0 -0.06489582399323399
PROB: 2 5 36 1 -0.22013588690638106
PROB: 2 5 37 0 0.23260451378121053
PROB: 2 5 37 1 0.3308627718648856
PROB: 2 5 38 0 -0.174930217158468
PROB: 2 5 38 1 -0.14706442215552942
PROB: 2 5 39 0 0.23752122827870217
PROB: 2 5 39 1 0.3531527687904464
PROB: 2 5 40 0 0.33217116666384205
PROB: 2 5 40 1 -0.15831438033827763
PROB: 2 6 7 0 0.581013469225397
PROB: 2 6 7 1 1.029878250578117
PROB: 2 6 8 0 0.3192961525021136
PROB: 2 6 8 1 0.793995961416506
PROB: 2 6 9 0 0.20752956085276486
PROB: 2 6 9 1 0.2176340838153878
PROB: 2 6 10 0 0.28012152588887146
PROB: 2 6 10 1 0.26184237135831384
PROB: 2 6 11 0 0.1783329476423453
PROB: 2 6 11 1 0.05832621673942699
PROB: 2 6 12 0 0.3711467910303315
PROB: 2 6 12 1 0.4602657406140186
PROB: 2 6 13 0 0.12392459285490583
PROB: 2 6 13 1 -0.05438405271614971
PROB: 2 6 14 0 0.20357265515051387
PROB: 2 6 14 1 -0.08281456890010593
PROB: 2 6 15 0 0.20940723722903276
PROB: 2 6 15 1 0.30432787020834795
PROB: 2 6 16 0 0.4322734611329336
PROB: 2 6 16 1 0.56817790092739
PROB: 2 6 17 0 0.3876010791027299
PROB: 2 6 17 1 0.32191221555874716
PROB: 2 6 18 0 0.5767544217216828
PROB: 2 6 18 1 0.5086265439165897
PROB: 2 6 19 0 0.10025476948213574
PROB: 2 6 19 1 0.3770298443624271
PROB: 2 6 20 0 0.07905208520595776
PROB: 2 6 20 1 -0.017644028037419754
PROB: 2 6 21 0 -0.10867944340611319
PROB: 2 6 21 1 0.04064155426903552
PROB: 2 6 22 0 -0.009823773248504399
PROB: 2 6 22 1 -0.13108512308161802
PROB: 2 6 23 0 -0.05007521919254637
PROB: 2 6 23 1 0.033176838636140606
PROB: 2 6 24 0 -0.15732734664297476
PROB: 2 6 24 1 -0.12946155164003623
PROB: 2 6 25 0 -0.036626032758533815
PROB: 2 6 25 1 -0.11845309389531034
PROB: 2 6 26 0 -0.26573880232658736
PROB: 2 6 26 1 -0.07578956565732645
PROB: 2 6 27 0 0.06208254297427328
PROB: 2 6 27 1 -0.1948570887988439
PROB: 2 6 28 0 -0.14380402709290757
PROB: 2 6 28 1 -0.04897254557074436
PROB: 2 6 29 0 0.07405490478683426
PROB: 2 6 29 1 0.15316165661848438
PROB: 2 6 30 0 -0.007253467553370953
PROB: 2 6 30 1 -0.12851481738648454
PROB: 2 6 31 0 -0.05707775845614624
PROB: 2 6 31 1 -0.13890481959292278
PROB: 2 6 32 0 -0.09053325981384781
PROB: 2 6 32 1 -0.2147712733933426
PROB: 2 6 33 0 0.10389933026264439
PROB: 2 6 33 1 0.30038403108708756
PROB: 2 6 34 0 -0.16298455259798633
PROB: 2 6 34 1 -9.332216105212426E-4
PROB: 2 6 35 0 -0.11972435260576055
PROB: 2 6 35 1 -0.05609272630471436
PROB: 2 6 36 0 -0.06489582399323399
PROB: 2 6 36 1 -0.22013588690638106
PROB: 2 6 37 0 0.19358646515883696
PROB: 2 6 37 1 0.28664461034456695
PROB: 2 6 38 0 -0.15875831109797078
PROB: 2 6 38 1 -0.13089251609503225
PROB: 2 6 39 0 0.1985031796563285
PROB: 2 6 39 1 0.3089346072701277
PROB: 2 6 40 0 0.33217116666384205
PROB: 2 6 40 1 -0.15831438033827763
PROB: 2 7 8 0 0.31047766622581224
PROB: 2 7 8 1 0.7625578916327396
PROB: 2 7 9 0 0.2686236764182264
PROB: 2 7 9 1 0.21468394126204499
PROB: 2 7 10 0 0.30099012481177595
PROB: 2 7 10 1 0.2659489615446156
PROB: 2 7 11 0 0.2008801792899531
PROB: 2 7 11 1 0.10076167159683729
PROB: 2 7 12 0 0.39386424272636605
PROB: 2 7 12 1 0.49289906875851963
PROB: 2 7 13 0 0.08050791745433297
PROB: 2 7 13 1 -0.07106649170974431
PROB: 2 7 14 0 0.20357265515051387
PROB: 2 7 14 1 -0.08281456890010593
PROB: 2 7 15 0 0.1278423529180337
PROB: 2 7 15 1 0.20183063742838986
PROB: 2 7 16 0 0.21527561345594837
PROB: 2 7 16 1 0.3395639093116063
PROB: 2 7 17 0 0.256854179237122
PROB: 2 7 17 1 0.4141082138738139
PROB: 2 7 18 0 0.3141374438332216
PROB: 2 7 18 1 0.2725221408069123
PROB: 2 7 19 0 0.059601804503051456
PROB: 2 7 19 1 0.3166224068445301
PROB: 2 7 20 0 0.07295005115015508
PROB: 2 7 20 1 -0.0237460620932224
PROB: 2 7 21 0 -0.11878667851510295
PROB: 2 7 21 1 0.01084348660233593
PROB: 2 7 22 0 -0.009823773248504399
PROB: 2 7 22 1 -0.13108512308161802
PROB: 2 7 23 0 -0.05007521919254637
PROB: 2 7 23 1 0.033176838636140606
PROB: 2 7 24 0 -0.1411554405824776
PROB: 2 7 24 1 -0.11328964557953902
PROB: 2 7 25 0 -0.036626032758533815
PROB: 2 7 25 1 -0.11845309389531034
PROB: 2 7 26 0 -0.2495668962660902
PROB: 2 7 26 1 -0.05961765959682927
PROB: 2 7 27 0 0.06208254297427328
PROB: 2 7 27 1 -0.1948570887988439
PROB: 2 7 28 0 -0.14380402709290757
PROB: 2 7 28 1 -0.04897254557074436
PROB: 2 7 29 0 0.024183504685977256
PROB: 2 7 29 1 0.135472509503779
PROB: 2 7 30 0 -0.009823773248504399
PROB: 2 7 30 1 -0.13108512308161802
PROB: 2 7 31 0 -0.05707775845614624
PROB: 2 7 31 1 -0.13890481959292278
PROB: 2 7 32 0 -0.09053325981384781
PROB: 2 7 32 1 -0.2147712733933426
PROB: 2 7 33 0 0.09319196078203185
PROB: 2 7 33 1 0.2699221890676622
PROB: 2 7 34 0 -0.16298455259798633
PROB: 2 7 34 1 -9.332216105212426E-4
PROB: 2 7 35 0 -0.12223103904735262
PROB: 2 7 35 1 -0.05859941274630644
PROB: 2 7 36 0 -0.06489582399323399
PROB: 2 7 36 1 -0.22013588690638106
PROB: 2 7 37 0 0.14297442664315288
PROB: 2 7 37 1 0.27638453911789534
PROB: 2 7 38 0 -0.13465943223998827
PROB: 2 7 38 1 -0.10679363723704965
PROB: 2 7 39 0 0.12405729610219332
PROB: 2 7 39 1 0.274840691005005
PROB: 2 7 40 0 0.35338530136129553
PROB: 2 7 40 1 -0.14899246583711762
PROB: 2 8 9 0 1.1093928586739352
PROB: 2 8 9 1 0.07143317088309145
PROB: 2 8 10 0 0.8675071927260272
PROB: 2 8 10 1 0.4286250344496549
PROB: 2 8 11 0 0.7251906906391397
PROB: 2 8 11 1 0.11072406630164665
PROB: 2 8 12 0 0.5275390024600622
PROB: 2 8 12 1 0.31939957051344603
PROB: 2 8 13 0 0.4302937725844268
PROB: 2 8 13 1 0.14115696843133893
PROB: 2 8 14 0 0.3215085133388941
PROB: 2 8 14 1 -0.05236570304077004
PROB: 2 8 15 0 0.32189969706077687
PROB: 2 8 15 1 0.06642709686029279
PROB: 2 8 16 0 0.3598306437272282
PROB: 2 8 16 1 0.10138816656450404
PROB: 2 8 17 0 0.36345395009763415
PROB: 2 8 17 1 0.10501147293490996
PROB: 2 8 18 0 0.4521560257578726
PROB: 2 8 18 1 0.180679897786051
PROB: 2 8 19 0 0.1318395971347933
PROB: 2 8 19 1 0.06561753087069666
PROB: 2 8 20 0 0.11016462174727207
PROB: 2 8 20 1 -0.09233046240052717
PROB: 2 8 21 0 0.13253847618430434
PROB: 2 8 21 1 -0.03364276647637546
PROB: 2 8 22 0 0.35077426086668717
PROB: 2 8 22 1 -0.05494155484826296
PROB: 2 8 23 0 0.20072198002364935
PROB: 2 8 23 1 0.04637882185773646
PROB: 2 8 24 0 0.001846011044431696
PROB: 2 8 24 1 -0.07721180112072865
PROB: 2 8 25 0 0.20198702017845813
PROB: 2 8 25 1 -0.0981895069742951
PROB: 2 8 26 0 0.047876546495171105
PROB: 2 8 26 1 -0.07974416501209589
PROB: 2 8 27 0 0.1161932299665086
PROB: 2 8 27 1 -0.18106694665551945
PROB: 2 8 28 0 0.10800277446772338
PROB: 2 8 28 1 0.040583072195587634
PROB: 2 8 29 0 0.09908753089167921
PROB: 2 8 29 1 -0.0560349108911781
PROB: 2 8 30 0 0.5829735991743008
PROB: 2 8 30 1 0.06163537502309894
PROB: 2 8 31 0 0.16282395052185866
PROB: 2 8 31 1 -0.12396367817028225
PROB: 2 8 32 0 0.6047627808776261
PROB: 2 8 32 1 -0.03694267065845371
PROB: 2 8 33 0 0.11717609729731848
PROB: 2 8 33 1 0.06889860957385086
PROB: 2 8 34 0 0.054282957915131685
PROB: 2 8 34 1 -0.05218997414740477
PROB: 2 8 35 0 0.06509116081728915
PROB: 2 8 35 1 -0.06976185473297142
PROB: 2 8 36 0 0.1301754044300795
PROB: 2 8 36 1 -0.1749195994083574
PROB: 2 8 37 0 0.13156480039554144
PROB: 2 8 37 1 -0.020719044745302326
PROB: 2 8 38 0 -0.26356756373650236
PROB: 2 8 38 1 -0.11413983542633349
PROB: 2 8 39 0 -0.08236839477905426
PROB: 2 8 39 1 -0.15378529280149156
PROB: 2 8 40 0 2.6948194081940335
PROB: 2 8 40 1 0.29776304411154003
PROB: 2 9 10 0 0.15935738078707276
PROB: 2 9 10 1 0.5867673653000225
PROB: 2 9 11 0 0.2980909632489582
PROB: 2 9 11 1 0.29901377928511036
PROB: 2 9 12 0 0.0856112924272829
PROB: 2 9 12 1 0.3394636930913763
PROB: 2 9 13 0 0.26331910938102293
PROB: 2 9 13 1 0.24743786328045309
PROB: 2 9 14 0 0.025688800355627917
PROB: 2 9 14 1 0.05108605286674699
PROB: 2 9 15 0 -0.11898804313275463
PROB: 2 9 15 1 0.12436014300775282
PROB: 2 9 16 0 -0.11898804313275463
PROB: 2 9 16 1 0.12436014300775282
PROB: 2 9 17 0 -0.11898804313275463
PROB: 2 9 17 1 0.12436014300775282
PROB: 2 9 18 0 -0.11898804313275463
PROB: 2 9 18 1 0.12436014300775282
PROB: 2 9 19 0 0.05118543514380794
PROB: 2 9 19 1 0.40601881682058716
PROB: 2 9 20 0 -0.22949078667269457
PROB: 2 9 20 1 -0.07283244745830986
PROB: 2 9 21 0 -0.30710336931164306
PROB: 2 9 21 1 -0.06042625945587257
PROB: 2 9 22 0 -0.20473699212874658
PROB: 2 9 22 1 -0.09173208628453863
PROB: 2 9 23 0 -0.21846398431374117
PROB: 2 9 23 1 0.061863907851593965
PROB: 2 9 24 0 -0.14389875649315792
PROB: 2 9 24 1 -0.1023731774547923
PROB: 2 9 25 0 -0.20501479787972862
PROB: 2 9 25 1 -0.08976602467985695
PROB: 2 9 26 0 -0.24681598417474143
PROB: 2 9 26 1 -0.06380431971641104
PROB: 2 9 27 0 -0.22297696482988233
PROB: 2 9 27 1 -0.14959137304549536
PROB: 2 9 28 0 -0.21189269369284988
PROB: 2 9 28 1 0.06926321589782303
PROB: 2 9 29 0 -0.2985911362871966
PROB: 2 9 29 1 -0.0013948065417158234
PROB: 2 9 30 0 -0.20473699212874658
PROB: 2 9 30 1 -0.09173208628453863
PROB: 2 9 31 0 -0.20698085948441028
PROB: 2 9 31 1 -0.09173208628453863
PROB: 2 9 32 0 -0.1533809078567147
PROB: 2 9 32 1 -0.07477509683007363
PROB: 2 9 33 0 -0.0026291440340816333
PROB: 2 9 33 1 0.5572682365577752
PROB: 2 9 34 0 -0.3166195635827852
PROB: 2 9 34 1 -0.15708739935212138
PROB: 2 9 35 0 -0.2811740843904895
PROB: 2 9 35 1 0.09908748063744288
PROB: 2 9 36 0 -0.22219075015311324
PROB: 2 9 36 1 -0.14880515836872626
PROB: 2 9 37 0 -0.2862177712433809
PROB: 2 9 37 1 -0.002452389280533998
PROB: 2 9 38 0 -0.11566461716186562
PROB: 2 9 38 1 -0.08362040798506334
PROB: 2 9 39 0 -0.2774279975467754
PROB: 2 9 39 1 0.019768332198705413
PROB: 2 9 40 0 0.2363560969335665
PROB: 2 9 40 1 -0.0664446603269559
PROB: 2 10 11 0 0.6880243662621066
PROB: 2 10 11 1 0.21548164271358666
PROB: 2 10 12 0 0.42303474901506116
PROB: 2 10 12 1 0.32908511098569326
PROB: 2 10 13 0 0.6818401702610555
PROB: 2 10 13 1 0.2883300509338333
PROB: 2 10 14 0 0.296658592536611
PROB: 2 10 14 1 0.09051684756456467
PROB: 2 10 15 0 0.1925898859303881
PROB: 2 10 15 1 0.2545430593004274
PROB: 2 10 16 0 0.0985578037219331
PROB: 2 10 16 1 0.11234000376913002
PROB: 2 10 17 0 0.0985578037219331
PROB: 2 10 17 1 0.11234000376913002
PROB: 2 10 18 0 0.0985578037219331
PROB: 2 10 18 1 0.11234000376913002
PROB: 2 10 19 0 0.20761290880085226
PROB: 2 10 19 1 0.23524963780952848
PROB: 2 10 20 0 0.15800397938916283
PROB: 2 10 20 1 0.02840041887235656
PROB: 2 10 21 0 0.11190354633979147
PROB: 2 10 21 1 0.07252090091128191
PROB: 2 10 22 0 0.03439327656035697
PROB: 2 10 22 1 -0.09146332905975957
PROB: 2 10 23 0 -5.062422308361805E-4
PROB: 2 10 23 1 0.04096013847017447
PROB: 2 10 24 0 -0.028162985335602315
PROB: 2 10 24 1 -0.049819609944026164
PROB: 2 10 25 0 0.04499426525278523
PROB: 2 10 25 1 -0.11106620834254269
PROB: 2 10 26 0 0.16055132689720536
PROB: 2 10 26 1 0.0737511486249108
PROB: 2 10 27 0 0.012469257761988838
PROB: 2 10 27 1 -0.14609600590334476
PROB: 2 10 28 0 -0.008673691271080343
PROB: 2 10 28 1 0.07491332683541732
PROB: 2 10 29 0 -0.16797654580256763
PROB: 2 10 29 1 -0.08336653585376413
PROB: 2 10 30 0 0.02763163885110005
PROB: 2 10 30 1 -0.09822496676901649
PROB: 2 10 31 0 0.07540222485471652
PROB: 2 10 31 1 -0.08065824874061142
PROB: 2 10 32 0 0.09315873421760035
PROB: 2 10 32 1 -0.16124338259830384
PROB: 2 10 33 0 0.07190054964070004
PROB: 2 10 33 1 0.11209672245322383
PROB: 2 10 34 0 0.23005380454538518
PROB: 2 10 34 1 -0.10050703556998114
PROB: 2 10 35 0 0.1295294443016626
PROB: 2 10 35 1 0.15224646340454176
PROB: 2 10 36 0 0.01193858506142386
PROB: 2 10 36 1 -0.14662667860390974
PROB: 2 10 37 0 -0.03730268723612482
PROB: 2 10 37 1 -0.022063540252492145
PROB: 2 10 38 0 0.006935088281365069
PROB: 2 10 38 1 -0.07880641407386782
PROB: 2 10 39 0 0.029422864506518667
PROB: 2 10 39 1 0.02734351429330352
PROB: 2 10 40 0 0.38237732091189125
PROB: 2 10 40 1 -0.13785029331671766
PROB: 2 11 12 0 0.22747902634321185
PROB: 2 11 12 1 0.5963679507820254
PROB: 2 11 13 0 0.30723233869137695
PROB: 2 11 13 1 0.3177182137148056
PROB: 2 11 14 0 0.1443875029784689
PROB: 2 11 14 1 0.0865470131153666
PROB: 2 11 15 0 0.08783725153028443
PROB: 2 11 15 1 0.23691127334927453
PROB: 2 11 16 0 0.14765989079412892
PROB: 2 11 16 1 0.364735669715349
PROB: 2 11 17 0 0.006169906070467419
PROB: 2 11 17 1 0.19703857851005166
PROB: 2 11 18 0 0.006169906070467419
PROB: 2 11 18 1 0.19703857851005166
PROB: 2 11 19 0 0.05743637091973583
PROB: 2 11 19 1 0.3545217985673354
PROB: 2 11 20 0 -0.02053191759390257
PROB: 2 11 20 1 0.058218475956243396
PROB: 2 11 21 0 -0.07685786905734118
PROB: 2 11 21 1 0.12453631733620298
PROB: 2 11 22 0 -0.1529512802571772
PROB: 2 11 22 1 -0.083109683583733
PROB: 2 11 23 0 -0.17726673674765914
PROB: 2 11 23 1 0.05989784624691231
PROB: 2 11 24 0 -0.12981364835446918
PROB: 2 11 24 1 -0.14093274834843067
PROB: 2 11 25 0 -0.16381755031364653
PROB: 2 11 25 1 -0.09173208628453863
PROB: 2 11 26 0 -0.23600791042782887
PROB: 2 11 26 1 -0.09615955514026214
PROB: 2 11 27 0 -0.17283917801343948
PROB: 2 11 27 1 -0.1426168953998162
PROB: 2 11 28 0 -0.16623221336911018
PROB: 2 11 28 1 0.07176038705079901
PROB: 2 11 29 0 -0.21904565127679418
PROB: 2 11 29 1 -0.0024544210003095562
PROB: 2 11 30 0 -0.15342110279772414
PROB: 2 11 30 1 -0.08357950612427992
PROB: 2 11 31 0 -0.16381755031364653
PROB: 2 11 31 1 -0.09173208628453863
PROB: 2 11 32 0 -0.1138879697251252
PROB: 2 11 32 1 -0.07844546786924786
PROB: 2 11 33 0 0.0014757107744024153
PROB: 2 11 33 1 0.47426710964319124
PROB: 2 11 34 0 -0.27345625441202154
PROB: 2 11 34 1 -0.15708739935212138
PROB: 2 11 35 0 -0.23757688035088792
PROB: 2 11 35 1 0.09952137550628093
PROB: 2 11 36 0 -0.17902744098234954
PROB: 2 11 36 1 -0.14880515836872626
PROB: 2 11 37 0 -0.22580376251940262
PROB: 2 11 37 1 -0.017382246545779037
PROB: 2 11 38 0 -0.10225439588505356
PROB: 2 11 38 1 -0.11337349587901502
PROB: 2 11 39 0 -0.17131004578913936
PROB: 2 11 39 1 0.037111470184484165
PROB: 2 11 40 0 0.2245224594958912
PROB: 2 11 40 1 -0.09547172632057344
PROB: 2 12 13 0 0.38692979365533503
PROB: 2 12 13 1 0.3641833052090297
PROB: 2 12 14 0 0.32316845822661205
PROB: 2 12 14 1 0.2710809325435731
PROB: 2 12 15 0 0.19890559514102138
PROB: 2 12 15 1 0.5139565057937553
PROB: 2 12 16 0 0.23304049906910934
PROB: 2 12 16 1 0.3307627813626137
PROB: 2 12 17 0 0.2633691979198507
PROB: 2 12 17 1 0.3644033404925673
PROB: 2 12 18 0 0.2441985018896855
PROB: 2 12 18 1 0.36582586377706217
PROB: 2 12 19 0 0.22842832257273638
PROB: 2 12 19 1 0.36520825120283673
PROB: 2 12 20 0 0.23771476006173148
PROB: 2 12 20 1 0.08700605065004259
PROB: 2 12 21 0 0.10206859156197634
PROB: 2 12 21 1 0.2103111827131161
PROB: 2 12 22 0 0.22307961325113296
PROB: 2 12 22 1 -0.01223601070762941
PROB: 2 12 23 0 -0.06270724837885404
PROB: 2 12 23 1 0.02054480944983289
PROB: 2 12 24 0 -0.0955148059320442
PROB: 2 12 24 1 -0.06764901092910558
PROB: 2 12 25 0 -0.04925806194484149
PROB: 2 12 25 1 -0.13108512308161802
PROB: 2 12 26 0 -0.13185103318225572
PROB: 2 12 26 1 0.0521299220738746
PROB: 2 12 27 0 0.06395506859384144
PROB: 2 12 27 1 -0.1929845631792757
PROB: 2 12 28 0 -0.1166527033658022
PROB: 2 12 28 1 -0.02182122184363898
PROB: 2 12 29 0 0.0014171962521751721
PROB: 2 12 29 1 0.08436564992810297
PROB: 2 12 30 0 -0.002612182742472137
PROB: 2 12 30 1 -0.12387353257558573
PROB: 2 12 31 0 -0.044287684403108936
PROB: 2 12 31 1 -0.12611474553988547
PROB: 2 12 32 0 -0.09558956009314024
PROB: 2 12 32 1 -0.21405958340314735
PROB: 2 12 33 0 0.05545423514345081
PROB: 2 12 33 1 0.2204461517161613
PROB: 2 12 34 0 -0.15889676604321643
PROB: 2 12 34 1 0.0031545649442486084
PROB: 2 12 35 0 -0.11438264392907953
PROB: 2 12 35 1 -0.05793236093459697
PROB: 2 12 36 0 -0.03774450026612861
PROB: 2 12 36 1 -0.1929845631792757
PROB: 2 12 37 0 -0.05678341209104282
PROB: 2 12 37 1 0.04266680385815894
PROB: 2 12 38 0 -0.024600313096657073
PROB: 2 12 38 1 0.0032654819062815227
PROB: 2 12 39 0 0.03403708170599111
PROB: 2 12 39 1 0.1443322811599855
PROB: 2 12 40 0 0.3123523125015536
PROB: 2 12 40 1 -0.1714481600519609
PROB: 2 13 14 0 0.22893276098816087
PROB: 2 13 14 1 0.02002904416975919
PROB: 2 13 15 0 0.5658084753393504
PROB: 2 13 15 1 0.472634924622136
PROB: 2 13 16 0 0.4619317864612831
PROB: 2 13 16 1 0.3512477492124072
PROB: 2 13 17 0 0.5743206912394963
PROB: 2 13 17 1 0.19967771655907043
PROB: 2 13 18 0 0.4188500340777712
PROB: 2 13 18 1 0.45683604540523404
PROB: 2 13 19 0 0.18776653423945916
PROB: 2 13 19 1 0.37004810274384786
PROB: 2 13 20 0 0.26159184802164565
PROB: 2 13 20 1 0.040773510112334745
PROB: 2 13 21 0 -0.016915236692722792
PROB: 2 13 21 1 0.21545729839533825
PROB: 2 13 22 0 0.1796284611081943
PROB: 2 13 22 1 0.11985090303496003
PROB: 2 13 23 0 0.061561784652744506
PROB: 2 13 23 1 0.2501857541425139
PROB: 2 13 24 0 -0.20646455842118186
PROB: 2 13 24 1 -0.14472291880812574
PROB: 2 13 25 0 -0.03231471128276398
PROB: 2 13 25 1 -0.15410045423784494
PROB: 2 13 26 0 -0.2519837594309706
PROB: 2 13 26 1 -0.09558624012844469
PROB: 2 13 27 0 -0.07353682714237772
PROB: 2 13 27 1 -0.23287442536183744
PROB: 2 13 28 0 0.098955802210833
PROB: 2 13 28 1 0.04221535991082812
PROB: 2 13 29 0 -0.013781737590299221
PROB: 2 13 29 1 0.08090377228273016
PROB: 2 13 30 0 -0.022049348046991164
PROB: 2 13 30 1 -0.1511299826552872
PROB: 2 13 31 0 -0.020249469429997273
PROB: 2 13 31 1 -0.1420352123850782
PROB: 2 13 32 0 -0.00674180509268419
PROB: 2 13 32 1 -0.11613974505596622
PROB: 2 13 33 0 0.19544358004240628
PROB: 2 13 33 1 0.2738148933837807
PROB: 2 13 34 0 -0.16709845611466084
PROB: 2 13 34 1 -0.06995257722930011
PROB: 2 13 35 0 0.07727703072990354
PROB: 2 13 35 1 0.2193633433523847
PROB: 2 13 36 0 -0.05656991432201822
PROB: 2 13 36 1 -0.21590751254147791
PROB: 2 13 37 0 -0.09162341957574617
PROB: 2 13 37 1 0.007106535871113193
PROB: 2 13 38 0 -0.27921721233381736
PROB: 2 13 38 1 0.06526384141529631
PROB: 2 13 39 0 -0.28464497461739025
PROB: 2 13 39 1 -0.1747552497679649
PROB: 2 13 40 0 0.3816214470323901
PROB: 2 13 40 1 -0.17171184865954087
PROB: 2 14 15 0 0.07076184808628763
PROB: 2 14 15 1 0.6414405067697999
PROB: 2 14 16 0 0.22125761263325314
PROB: 2 14 16 1 0.966223789251801
PROB: 2 14 17 0 0.23990635949546893
PROB: 2 14 17 1 1.0200667469962934
PROB: 2 14 18 0 0.2520805673467588
PROB: 2 14 18 1 0.6163826668688999
PROB: 2 14 19 0 0.07666815016459184
PROB: 2 14 19 1 0.35785273123948996
PROB: 2 14 20 0 0.02837579679477769
PROB: 2 14 20 1 0.03863738440362445
PROB: 2 14 21 0 -8.450313267921849E-4
PROB: 2 14 21 1 0.530367811026324
PROB: 2 14 22 0 0.020160582031472397
PROB: 2 14 22 1 -0.02263423577048014
PROB: 2 14 23 0 -0.04507172219278216
PROB: 2 14 23 1 0.14192725107516335
PROB: 2 14 24 0 -0.019360047806642813
PROB: 2 14 24 1 -0.15678227120989555
PROB: 2 14 25 0 -0.17297428494634592
PROB: 2 14 25 1 -0.08529341245482369
PROB: 2 14 26 0 -0.2533445576863791
PROB: 2 14 26 1 -0.029075378721273443
PROB: 2 14 27 0 -0.19983088651391379
PROB: 2 14 27 1 -0.16060026768603677
PROB: 2 14 28 0 -0.2472836869786124
PROB: 2 14 28 1 -0.018812173525231582
PROB: 2 14 29 0 -0.03500842229967916
PROB: 2 14 29 1 0.5536558413451753
PROB: 2 14 30 0 -0.1758091368061841
PROB: 2 14 30 1 -0.09037213167032562
PROB: 2 14 31 0 -0.17348451928762454
PROB: 2 14 31 1 -0.08580364679610233
PROB: 2 14 32 0 -0.22875664115505456
PROB: 2 14 32 1 -0.18430580308492353
PROB: 2 14 33 0 -0.1437885382275073
PROB: 2 14 33 1 0.05579100901444679
PROB: 2 14 34 0 -0.29554454335891345
PROB: 2 14 34 1 -0.026234031964177507
PROB: 2 14 35 0 -0.20287526684641666
PROB: 2 14 35 1 0.03871784196456932
PROB: 2 14 36 0 -0.19656584736950217
PROB: 2 14 36 1 -0.15733522854162516
PROB: 2 14 37 0 0.021123075364778053
PROB: 2 14 37 1 0.6046189936015096
PROB: 2 14 38 0 -0.17832774883988475
PROB: 2 14 38 1 -0.08676979387373407
PROB: 2 14 39 0 0.05293953956615578
PROB: 2 14 39 1 0.6334340889081493
PROB: 2 14 40 0 0.21062674543367696
PROB: 2 14 40 1 -0.09377203192037345
PROB: 2 15 16 0 0.33354822019762237
PROB: 2 15 16 1 0.780339116870851
PROB: 2 15 17 0 0.5253744225021509
PROB: 2 15 17 1 1.0294697702737696
PROB: 2 15 18 0 0.6572886412274795
PROB: 2 15 18 1 1.235243276614842
PROB: 2 15 19 0 0.24674656811356746
PROB: 2 15 19 1 0.42333479179543526
PROB: 2 15 20 0 0.3087176667003953
PROB: 2 15 20 1 0.19114310765335726
PROB: 2 15 21 0 0.11777274960703597
PROB: 2 15 21 1 0.22601534075817578
PROB: 2 15 22 0 0.2137228906149689
PROB: 2 15 22 1 -0.013026977885523197
PROB: 2 15 23 0 0.08807767241309658
PROB: 2 15 23 1 0.1283120163231757
PROB: 2 15 24 0 0.20755554971363754
PROB: 2 15 24 1 -0.09111959321379667
PROB: 2 15 25 0 0.10152685884710913
PROB: 2 15 25 1 -0.02331791620827517
PROB: 2 15 26 0 -0.1155141381514704
PROB: 2 15 26 1 0.07937956138622712
PROB: 2 15 27 0 0.07801335997805418
PROB: 2 15 27 1 -0.17892627179506299
PROB: 2 15 28 0 -0.1413821503885529
PROB: 2 15 28 1 -0.046550668866389686
PROB: 2 15 29 0 0.019289769946986356
PROB: 2 15 29 1 0.11067582937540632
PROB: 2 15 30 0 -0.007253467553370953
PROB: 2 15 30 1 -0.12851481738648454
PROB: 2 15 31 0 -0.044485736394677323
PROB: 2 15 31 1 -0.12631279753145386
PROB: 2 15 32 0 -0.09558956009314024
PROB: 2 15 32 1 -0.21405958340314735
PROB: 2 15 33 0 0.03250031129102483
PROB: 2 15 33 1 0.17467635599405437
PROB: 2 15 34 0 -0.15900749823526772
PROB: 2 15 34 1 0.0030438327521973146
PROB: 2 15 35 0 -0.09525169387465449
PROB: 2 15 35 1 -0.031620067573608315
PROB: 2 15 36 0 -0.08329375944181991
PROB: 2 15 36 1 -0.23853382235496698
PROB: 2 15 37 0 0.04389379424903016
PROB: 2 15 37 1 0.15689416580673335
PROB: 2 15 38 0 -0.1236151157839757
PROB: 2 15 38 1 -0.09574932078103707
PROB: 2 15 39 0 0.15507668023837987
PROB: 2 15 39 1 0.27778741544894886
PROB: 2 15 40 0 0.3729735186717832
PROB: 2 15 40 1 -0.13114547154321501
PROB: 2 16 17 0 0.43539272266255163
PROB: 2 16 17 1 0.9257674008964003
PROB: 2 16 18 0 0.7737749997230464
PROB: 2 16 18 1 1.312630116139174
PROB: 2 16 19 0 0.3658312888740497
PROB: 2 16 19 1 0.5656305077278375
PROB: 2 16 20 0 0.3373260079446128
PROB: 2 16 20 1 0.27749679929841325
PROB: 2 16 21 0 0.213911913813072
PROB: 2 16 21 1 0.36681658425856534
PROB: 2 16 22 0 0.2137228906149689
PROB: 2 16 22 1 -0.013026977885523197
PROB: 2 16 23 0 0.11100063992215622
PROB: 2 16 23 1 0.16169027925079685
PROB: 2 16 24 0 0.15767983702675303
PROB: 2 16 24 1 -0.10089395129021396
PROB: 2 16 25 0 0.12444982635616873
PROB: 2 16 25 1 0.010060346719346058
PROB: 2 16 26 0 0.293940000172924
PROB: 2 16 26 1 -0.03484176008309329
PROB: 2 16 27 0 0.06208254297427328
PROB: 2 16 27 1 -0.1948570887988439
PROB: 2 16 28 0 -0.14380402709290757
PROB: 2 16 28 1 -0.04897254557074436
PROB: 2 16 29 0 -0.010465765330267059
PROB: 2 16 29 1 0.10198748416165834
PROB: 2 16 30 0 -0.007253467553370953
PROB: 2 16 30 1 -0.12851481738648454
PROB: 2 16 31 0 -0.05707775845614624
PROB: 2 16 31 1 -0.13890481959292278
PROB: 2 16 32 0 -0.09053325981384781
PROB: 2 16 32 1 -0.2147712733933426
PROB: 2 16 33 0 0.026155089849453014
PROB: 2 16 33 1 0.14856387318486938
PROB: 2 16 34 0 -0.16298455259798633
PROB: 2 16 34 1 -9.332216105212426E-4
PROB: 2 16 35 0 -0.11972435260576055
PROB: 2 16 35 1 -0.05609272630471436
PROB: 2 16 36 0 -0.06489582399323399
PROB: 2 16 36 1 -0.22013588690638106
PROB: 2 16 37 0 0.10906579504173561
PROB: 2 16 37 1 0.235470437887741
PROB: 2 16 38 0 -0.10308019833461328
PROB: 2 16 38 1 -0.0752144033316747
PROB: 2 16 39 0 0.11398250953922726
PROB: 2 16 39 1 0.25776043481330174
PROB: 2 16 40 0 0.33217116666384205
PROB: 2 16 40 1 -0.15831438033827763
PROB: 2 17 18 0 0.5689800789133217
PROB: 2 17 18 1 1.121696082213025
PROB: 2 17 19 0 0.356725623808093
PROB: 2 17 19 1 0.6355285999455035
PROB: 2 17 20 0 0.3330018750333751
PROB: 2 17 20 1 0.28470653878991786
PROB: 2 17 21 0 0.2122091487070116
PROB: 2 17 21 1 0.376857299346564
PROB: 2 17 22 0 0.2292343805484112
PROB: 2 17 22 1 0.10602551880711766
PROB: 2 17 23 0 0.11100063992215622
PROB: 2 17 23 1 0.16169027925079685
PROB: 2 17 24 0 0.14711750668027201
PROB: 2 17 24 1 -0.08472204522971676
PROB: 2 17 25 0 0.12444982635616873
PROB: 2 17 25 1 0.010060346719346058
PROB: 2 17 26 0 0.28337766982644286
PROB: 2 17 26 1 -0.018669854022596123
PROB: 2 17 27 0 0.20958828044787076
PROB: 2 17 27 1 -0.07679894360274905
PROB: 2 17 28 0 -0.14380402709290757
PROB: 2 17 28 1 -0.04897254557074436
PROB: 2 17 29 0 -0.049483813952640954
PROB: 2 17 29 1 0.07538497129585917
PROB: 2 17 30 0 -0.007253467553370953
PROB: 2 17 30 1 -0.12851481738648454
PROB: 2 17 31 0 -0.05707775845614624
PROB: 2 17 31 1 -0.13890481959292278
PROB: 2 17 32 0 -0.09053325981384781
PROB: 2 17 32 1 -0.2147712733933426
PROB: 2 17 33 0 0.015447720368840422
PROB: 2 17 33 1 0.11810203116544396
PROB: 2 17 34 0 -0.16298455259798633
PROB: 2 17 34 1 -9.332216105212426E-4
PROB: 2 17 35 0 -0.11972435260576055
PROB: 2 17 35 1 -0.05609272630471436
PROB: 2 17 36 0 -0.06489582399323399
PROB: 2 17 36 1 -0.22013588690638106
PROB: 2 17 37 0 0.0700477464193618
PROB: 2 17 37 1 0.20886792502194182
PROB: 2 17 38 0 -0.0869082922741161
PROB: 2 17 38 1 -0.05904249727117751
PROB: 2 17 39 0 0.0749644609168534
PROB: 2 17 39 1 0.2311579219475026
PROB: 2 17 40 0 0.33217116666384205
PROB: 2 17 40 1 -0.15831438033827763
PROB: 2 18 19 0 0.34790713753179164
PROB: 2 18 19 1 0.6614543061882207
PROB: 2 18 20 0 0.38572526537856744
PROB: 2 18 20 1 0.5167189013474339
PROB: 2 18 21 0 0.23460550971207408
PROB: 2 18 21 1 0.5045566858390211
PROB: 2 18 22 0 0.2508158627471342
PROB: 2 18 22 1 0.14846097366452793
PROB: 2 18 23 0 0.1988531277455781
PROB: 2 18 23 1 0.2702874805248762
PROB: 2 18 24 0 0.136555176333791
PROB: 2 18 24 1 -0.06855013916921954
PROB: 2 18 25 0 0.12444982635616873
PROB: 2 18 25 1 0.010060346719346058
PROB: 2 18 26 0 0.2728153394799619
PROB: 2 18 26 1 -0.002497947962098927
PROB: 2 18 27 0 0.20958828044787076
PROB: 2 18 27 1 -0.07679894360274905
PROB: 2 18 28 0 0.058305855589078304
PROB: 2 18 28 1 0.1151636063177152
PROB: 2 18 29 0 -0.09935521405349786
PROB: 2 18 29 1 0.029759392648715945
PROB: 2 18 30 0 -0.009823773248504399
PROB: 2 18 30 1 -0.13108512308161802
PROB: 2 18 31 0 -0.05707775845614624
PROB: 2 18 31 1 -0.13890481959292278
PROB: 2 18 32 0 -0.09053325981384781
PROB: 2 18 32 1 -0.2147712733933426
PROB: 2 18 33 0 0.004740350888227794
PROB: 2 18 33 1 0.08764018914601882
PROB: 2 18 34 0 -0.16298455259798633
PROB: 2 18 34 1 -9.332216105212426E-4
PROB: 2 18 35 0 -0.12223103904735262
PROB: 2 18 35 1 -0.05859941274630644
PROB: 2 18 36 0 -0.06489582399323399
PROB: 2 18 36 1 -0.22013588690638106
PROB: 2 18 37 0 0.019435707903677678
PROB: 2 18 37 1 0.17067142226283252
PROB: 2 18 38 0 -0.0628094134161336
PROB: 2 18 38 1 -0.03494361841319503
PROB: 2 18 39 0 5.185773627182019E-4
PROB: 2 18 39 1 0.1691275741499421
PROB: 2 18 40 0 0.35338530136129553
PROB: 2 18 40 1 -0.14899246583711762
PROB: 2 19 20 0 0.6100645255080013
PROB: 2 19 20 1 0.30129233678463463
PROB: 2 19 21 0 0.6446332409524183
PROB: 2 19 21 1 0.47950481698919045
PROB: 2 19 22 0 0.45360231163458775
PROB: 2 19 22 1 0.15492605733027842
PROB: 2 19 23 0 0.3158437709603422
PROB: 2 19 23 1 0.2939073337475371
PROB: 2 19 24 0 0.5062465719892011
PROB: 2 19 24 1 0.2335598741564414
PROB: 2 19 25 0 0.29527529244830386
PROB: 2 19 25 1 0.03458405601707362
PROB: 2 19 26 0 0.7302755522954425
PROB: 2 19 26 1 0.04373404477546172
PROB: 2 19 27 0 0.21111455658916567
PROB: 2 19 27 1 -0.04829338366415069
PROB: 2 19 28 0 0.2655457375230699
PROB: 2 19 28 1 0.1901528210459297
PROB: 2 19 29 0 0.3063173392025784
PROB: 2 19 29 1 0.02091374796014024
PROB: 2 19 30 0 0.34563871191749795
PROB: 2 19 30 1 -0.006820698675661804
PROB: 2 19 31 0 0.04835767439551132
PROB: 2 19 31 1 -0.12396367817028225
PROB: 2 19 32 0 0.18148627042291202
PROB: 2 19 32 1 -0.1552690307761455
PROB: 2 19 33 0 0.08072660814255299
PROB: 2 19 33 1 0.12597524269942603
PROB: 2 19 34 0 -0.02841689393678192
PROB: 2 19 34 1 -0.020423549872970972
PROB: 2 19 35 0 0.004924360239170943
PROB: 2 19 35 1 -0.015462379184742178
PROB: 2 19 36 0 0.01570912830373216
PROB: 2 19 36 1 -0.1749195994083574
PROB: 2 19 37 0 0.023495163414099088
PROB: 2 19 37 1 -0.06079525949970976
PROB: 2 19 38 0 -0.015049063105449994
PROB: 2 19 38 1 0.00235968575676887
PROB: 2 19 39 0 -0.19654046600155473
PROB: 2 19 39 1 -0.19996394179695703
PROB: 2 19 40 0 1.94816446091155
PROB: 2 19 40 1 0.12319348938825009
PROB: 2 20 21 0 0.4249243129043782
PROB: 2 20 21 1 1.0939628454498165
PROB: 2 20 22 0 0.24007174436452622
PROB: 2 20 22 1 0.21248121067197986
PROB: 2 20 23 0 0.2054310426976003
PROB: 2 20 23 1 0.379686866264003
PROB: 2 20 24 0 0.25863209316620756
PROB: 2 20 24 1 0.25379222350166625
PROB: 2 20 25 0 0.16617246536178412
PROB: 2 20 25 1 0.13551673395464828
PROB: 2 20 26 0 0.15216187551217214
PROB: 2 20 26 1 0.014244246945179713
PROB: 2 20 27 0 0.025135317838461117
PROB: 2 20 27 1 0.030786722834217295
PROB: 2 20 28 0 0.035458167219932966
PROB: 2 20 28 1 0.23896246726316736
PROB: 2 20 29 0 -0.059167242513851775
PROB: 2 20 29 1 0.22352282112689678
PROB: 2 20 30 0 0.10095966095535881
PROB: 2 20 30 1 0.03470357541077576
PROB: 2 20 31 0 -0.10510676033665212
PROB: 2 20 31 1 -0.09822496676901643
PROB: 2 20 32 0 -0.1514382584849509
PROB: 2 20 32 1 -0.18119942709054584
PROB: 2 20 33 0 -0.05596864427850573
PROB: 2 20 33 1 0.05679497337300544
PROB: 2 20 34 0 -0.21474546443502712
PROB: 2 20 34 1 -0.05763334316404607
PROB: 2 20 35 0 -0.14153114000432643
PROB: 2 20 35 1 0.03276061814553747
PROB: 2 20 36 0 -0.10317341416264571
PROB: 2 20 36 1 -0.1021418193455749
PROB: 2 20 37 0 -0.06125368865632297
PROB: 2 20 37 1 0.16369068937588874
PROB: 2 20 38 0 -0.13643553385829654
PROB: 2 20 38 1 -0.004573211684529399
PROB: 2 20 39 0 -0.10651756930405414
PROB: 2 20 39 1 0.1318577565107915
PROB: 2 20 40 0 0.2985833230323085
PROB: 2 20 40 1 -0.09850675344192195
PROB: 2 21 22 0 0.3380626819635121
PROB: 2 21 22 1 0.23436320657279336
PROB: 2 21 23 0 0.6441202747592387
PROB: 2 21 23 1 0.3979454772906969
PROB: 2 21 24 0 0.4084904363660722
PROB: 2 21 24 1 0.30899197027700026
PROB: 2 21 25 0 0.23798357799546335
PROB: 2 21 25 1 0.17566710000882957
PROB: 2 21 26 0 0.2863107571005292
PROB: 2 21 26 1 0.3086372108087756
PROB: 2 21 27 0 0.3782317895630767
PROB: 2 21 27 1 -0.012759519770560777
PROB: 2 21 28 0 0.17553912010025802
PROB: 2 21 28 1 0.2458896816436736
PROB: 2 21 29 0 -0.008790822926141474
PROB: 2 21 29 1 0.2600485750633799
PROB: 2 21 30 0 0.09936558838046021
PROB: 2 21 30 1 0.04913992032709691
PROB: 2 21 31 0 0.10939783521777435
PROB: 2 21 31 1 0.07128041224499983
PROB: 2 21 32 0 -0.09758222362105475
PROB: 2 21 32 1 -0.24502040646908413
PROB: 2 21 33 0 0.01730122894837218
PROB: 2 21 33 1 0.06720433938220116
PROB: 2 21 34 0 -0.17481004062862684
PROB: 2 21 34 1 -0.061928989680304664
PROB: 2 21 35 0 -0.026601085221752065
PROB: 2 21 35 1 0.04712088979089649
PROB: 2 21 36 0 0.13159677142922852
PROB: 2 21 36 1 -0.21316714930753472
PROB: 2 21 37 0 -0.022681610526514746
PROB: 2 21 37 1 0.02837174866684454
PROB: 2 21 38 0 -0.0033949961744883586
PROB: 2 21 38 1 0.053787637451235416
PROB: 2 21 39 0 -0.02742204400135196
PROB: 2 21 39 1 0.023364068548038477
PROB: 2 21 40 0 0.4168255338283775
PROB: 2 21 40 1 -0.16032478185460475
PROB: 2 22 23 0 0.3000924885418255
PROB: 2 22 23 1 0.8466295779828853
PROB: 2 22 24 0 0.34373265415819376
PROB: 2 22 24 1 0.23395209052285665
PROB: 2 22 25 0 0.18047099100962816
PROB: 2 22 25 1 0.23699141108621474
PROB: 2 22 26 0 0.24979276720453814
PROB: 2 22 26 1 0.14927072107956132
PROB: 2 22 27 0 0.11176963667153503
PROB: 2 22 27 1 0.05847528805721028
PROB: 2 22 28 0 0.023746701054102808
PROB: 2 22 28 1 0.3700044597712198
PROB: 2 22 29 0 -0.09723151775451011
PROB: 2 22 29 1 0.2273077234606676
PROB: 2 22 30 0 0.08206002212913006
PROB: 2 22 30 1 0.135090518154828
PROB: 2 22 31 0 0.017345350024695387
PROB: 2 22 31 1 0.135090518154828
PROB: 2 22 32 0 -0.001429867813084849
PROB: 2 22 32 1 0.05211605783329869
PROB: 2 22 33 0 -0.09513921706377589
PROB: 2 22 33 1 0.12300408854891795
PROB: 2 22 34 0 -0.12174854335714669
PROB: 2 22 34 1 0.30885506668262336
PROB: 2 22 35 0 -0.15615149615833207
PROB: 2 22 35 1 0.055949608110295763
PROB: 2 22 36 0 -0.13745558559689341
PROB: 2 22 36 1 -0.141214699574139
PROB: 2 22 37 0 -0.16151691626636133
PROB: 2 22 37 1 0.024830274665590887
PROB: 2 22 38 0 -0.13180494938516435
PROB: 2 22 38 1 -0.038633417963891324
PROB: 2 22 39 0 -0.21095312856813028
PROB: 2 22 39 1 -0.002751006984104923
PROB: 2 22 40 0 0.29147774575312
PROB: 2 22 40 1 -0.08065753660229522
PROB: 2 23 24 0 0.8918264722966022
PROB: 2 23 24 1 0.2281166273012945
PROB: 2 23 25 0 0.3948169799620312
PROB: 2 23 25 1 0.24629266081310067
PROB: 2 23 26 0 0.5741354431782143
PROB: 2 23 26 1 0.15973193842538508
PROB: 2 23 27 0 0.2905070367198723
PROB: 2 23 27 1 0.07648844660123527
PROB: 2 23 28 0 0.2633995692029858
PROB: 2 23 28 1 0.3009519706139353
PROB: 2 23 29 0 0.1615952213764889
PROB: 2 23 29 1 0.2086190813814555
PROB: 2 23 30 0 0.8317802816118244
PROB: 2 23 30 1 0.08958740359283812
PROB: 2 23 31 0 0.25463283713884904
PROB: 2 23 31 1 0.0138497694206436
PROB: 2 23 32 0 0.244423374759339
PROB: 2 23 32 1 -0.060558935442615494
PROB: 2 23 33 0 0.28837773223744223
PROB: 2 23 33 1 0.1739192975034426
PROB: 2 23 34 0 -0.08201517072980496
PROB: 2 23 34 1 -0.057633343164046086
PROB: 2 23 35 0 9.295629094322119E-4
PROB: 2 23 35 1 0.03530968404751029
PROB: 2 23 36 0 0.014174346934557512
PROB: 2 23 36 1 -0.16012440686667417
PROB: 2 23 37 0 -0.07926529191714453
PROB: 2 23 37 1 0.005024541500266086
PROB: 2 23 38 0 0.05011214224223946
PROB: 2 23 38 1 -0.027255966160473585
PROB: 2 23 39 0 -0.03451690515023199
PROB: 2 23 39 1 0.04519654388293166
PROB: 2 23 40 0 0.4450956360844667
PROB: 2 23 40 1 -0.09717687993853816
PROB: 2 24 25 0 1.0436535266318292
PROB: 2 24 25 1 0.1967296844684217
PROB: 2 24 26 0 0.3847170936437838
PROB: 2 24 26 1 0.3546139667004716
PROB: 2 24 27 0 0.24557692184623028
PROB: 2 24 27 1 0.12699026452627482
PROB: 2 24 28 0 0.32673377226870176
PROB: 2 24 28 1 0.24426841895488807
PROB: 2 24 29 0 0.5401917104708237
PROB: 2 24 29 1 0.336889705985375
PROB: 2 24 30 0 0.08782492945816643
PROB: 2 24 30 1 -0.03635785214903201
PROB: 2 24 31 0 0.1750751203253949
PROB: 2 24 31 1 -0.03211452907606674
PROB: 2 24 32 0 -0.029046371669662313
PROB: 2 24 32 1 -0.050798210600392135
PROB: 2 24 33 0 0.20063677934598512
PROB: 2 24 33 1 0.25314138223999505
PROB: 2 24 34 0 0.016420635758250084
PROB: 2 24 34 1 0.12304275696685944
PROB: 2 24 35 0 -0.21648849171472315
PROB: 2 24 35 1 0.04787816567529416
PROB: 2 24 36 0 -0.24718890284449963
PROB: 2 24 36 1 -0.17782615097543064
PROB: 2 24 37 0 0.01570432263872614
PROB: 2 24 37 1 0.04018067710173854
PROB: 2 24 38 0 -0.24896525777774536
PROB: 2 24 38 1 0.1278096897398928
PROB: 2 24 39 0 -0.10316230267997414
PROB: 2 24 39 1 -0.06947809335342547
PROB: 2 24 40 0 0.18263517356285697
PROB: 2 24 40 1 -0.14457276795810234
PROB: 2 25 26 0 0.5246043957271265
PROB: 2 25 26 1 0.3595502455430107
PROB: 2 25 27 0 0.1509834145687908
PROB: 2 25 27 1 0.20542694164068587
PROB: 2 25 28 0 0.09719932763419915
PROB: 2 25 28 1 0.32116365654367857
PROB: 2 25 29 0 0.18067024914750823
PROB: 2 25 29 1 0.5082753097280133
PROB: 2 25 30 0 0.13201567833206698
PROB: 2 25 30 1 0.13412350746468527
PROB: 2 25 31 0 0.02033373596859992
PROB: 2 25 31 1 0.0302873417985607
PROB: 2 25 32 0 -0.001429867813084849
PROB: 2 25 32 1 -0.05567550446687322
PROB: 2 25 33 0 0.09969200521124663
PROB: 2 25 33 1 0.21672449404679034
PROB: 2 25 34 0 -0.03290319954740971
PROB: 2 25 34 1 0.09253332547924635
PROB: 2 25 35 0 -0.0028293824357761756
PROB: 2 25 35 1 0.10716854904512295
PROB: 2 25 36 0 -0.11281443665313172
PROB: 2 25 36 1 -0.12203407148889989
PROB: 2 25 37 0 -0.19071738201488395
PROB: 2 25 37 1 0.05078008683477831
PROB: 2 25 38 0 -0.08708410404412194
PROB: 2 25 38 1 0.14834844641732634
PROB: 2 25 39 0 -0.09650550787779481
PROB: 2 25 39 1 0.13741420769288254
PROB: 2 25 40 0 0.2849790574070855
PROB: 2 25 40 1 -0.08797101657749085
PROB: 2 26 27 0 0.4082876312058929
PROB: 2 26 27 1 0.06159686199182166
PROB: 2 26 28 0 0.5554880644869294
PROB: 2 26 28 1 0.16090934837684065
PROB: 2 26 29 0 1.0595491355563889
PROB: 2 26 29 1 0.5035222562157096
PROB: 2 26 30 0 0.23537813734302557
PROB: 2 26 30 1 0.0825211013735334
PROB: 2 26 31 0 0.16356279145396863
PROB: 2 26 31 1 0.17397041930331583
PROB: 2 26 32 0 0.03269189972480318
PROB: 2 26 32 1 -0.07642248952500995
PROB: 2 26 33 0 0.262069939799943
PROB: 2 26 33 1 0.3988265068720362
PROB: 2 26 34 0 0.0760062711112554
PROB: 2 26 34 1 0.11278903487737833
PROB: 2 26 35 0 0.14866208777703727
PROB: 2 26 35 1 0.239536362278818
PROB: 2 26 36 0 0.020615590950360037
PROB: 2 26 36 1 -0.10673962114134651
PROB: 2 26 37 0 -0.003021833744343512
PROB: 2 26 37 1 -0.1559843363593335
PROB: 2 26 38 0 -0.14111813892382552
PROB: 2 26 38 1 0.0088022419559943
PROB: 2 26 39 0 -0.1510836370474356
PROB: 2 26 39 1 -0.2948382847988891
PROB: 2 26 40 0 0.3383211143789424
PROB: 2 26 40 1 -0.2084739820510283
PROB: 2 27 28 0 0.09234234714120362
PROB: 2 27 28 1 0.3710569200072452
PROB: 2 27 29 0 0.37965499264992675
PROB: 2 27 29 1 1.5239992366775665
PROB: 2 27 30 0 0.13232793226414458
PROB: 2 27 30 1 0.5113689724981025
PROB: 2 27 31 0 0.11634589876045476
PROB: 2 27 31 1 0.2285120838589956
PROB: 2 27 32 0 0.053350892827660056
PROB: 2 27 32 1 0.145352787129681
PROB: 2 27 33 0 0.007553833522246131
PROB: 2 27 33 1 0.10038914262985735
PROB: 2 27 34 0 -0.09480263964506729
PROB: 2 27 34 1 0.07399944505397861
PROB: 2 27 35 0 -0.03802589730453225
PROB: 2 27 35 1 0.03799281905524875
PROB: 2 27 36 0 -0.06878421982303082
PROB: 2 27 36 1 -0.08174449754308882
PROB: 2 27 37 0 0.11014493811112036
PROB: 2 27 37 1 0.6574808657058124
PROB: 2 27 38 0 -0.14024224456693363
PROB: 2 27 38 1 -0.04868428960078307
PROB: 2 27 39 0 -0.03735654753093282
PROB: 2 27 39 1 0.5431380018110608
PROB: 2 27 40 0 0.25630832264801173
PROB: 2 27 40 1 -0.059982674902332125
PROB: 2 28 29 0 0.5113958086762365
PROB: 2 28 29 1 0.8568562263458638
PROB: 2 28 30 0 0.4333718484448181
PROB: 2 28 30 1 0.3986715334421442
PROB: 2 28 31 0 0.3199509911341576
PROB: 2 28 31 1 0.262671547233948
PROB: 2 28 32 0 0.29697929163066306
PROB: 2 28 32 1 0.09877520252446607
PROB: 2 28 33 0 0.214271295684726
PROB: 2 28 33 1 0.1716909440229938
PROB: 2 28 34 0 0.0948842350533647
PROB: 2 28 34 1 -0.0237599147517987
PROB: 2 28 35 0 0.09853707259419267
PROB: 2 28 35 1 -0.06455946249898427
PROB: 2 28 36 0 0.08967398618108582
PROB: 2 28 36 1 -0.10949015584560282
PROB: 2 28 37 0 0.27424361466696545
PROB: 2 28 37 1 0.40171794574316555
PROB: 2 28 38 0 0.17648898686183534
PROB: 2 28 38 1 -0.1317119878894014
PROB: 2 28 39 0 0.09188103864014086
PROB: 2 28 39 1 0.24604083758759607
PROB: 2 28 40 0 0.45292744012039576
PROB: 2 28 40 1 -0.06957361852997192
PROB: 2 29 30 0 0.30043721146834834
PROB: 2 29 30 1 0.29895802141622074
PROB: 2 29 31 0 0.2829444284029157
PROB: 2 29 31 1 0.2043769441984068
PROB: 2 29 32 0 0.17704463138930254
PROB: 2 29 32 1 0.13749680409879692
PROB: 2 29 33 0 0.04812964641517378
PROB: 2 29 33 1 0.3840624251967179
PROB: 2 29 34 0 0.2868219601075806
PROB: 2 29 34 1 0.3250182154913996
PROB: 2 29 35 0 0.05226158258668362
PROB: 2 29 35 1 0.10513658948150552
PROB: 2 29 36 0 0.24032716055793418
PROB: 2 29 36 1 -0.012765744988246812
PROB: 2 29 37 0 -0.0016161756197106327
PROB: 2 29 37 1 0.2842135093625169
PROB: 2 29 38 0 0.30583814942159887
PROB: 2 29 38 1 0.267810694203471
PROB: 2 29 39 0 -0.03421283691243553
PROB: 2 29 39 1 0.27357741164168087
PROB: 2 29 40 0 0.296091813558477
PROB: 2 29 40 1 -0.20642696361871427
PROB: 2 30 31 0 0.35760179478434084
PROB: 2 30 31 1 0.21893561958333901
PROB: 2 30 32 0 0.23571989057282883
PROB: 2 30 32 1 0.19232333228082452
PROB: 2 30 33 0 0.29386168421909536
PROB: 2 30 33 1 0.43552162292972985
PROB: 2 30 34 0 0.16927752963179035
PROB: 2 30 34 1 0.4386847573878932
PROB: 2 30 35 0 0.13359589614145292
PROB: 2 30 35 1 0.2454947968331098
PROB: 2 30 36 0 -0.009673958050422123
PROB: 2 30 36 1 0.07319107805717037
PROB: 2 30 37 0 -0.007043300073967984
PROB: 2 30 37 1 0.3069967004191305
PROB: 2 30 38 0 -0.002796780785829584
PROB: 2 30 38 1 2.0961889881337611E-4
PROB: 2 30 39 0 -0.08624375393458894
PROB: 2 30 39 1 0.27122631030381245
PROB: 2 30 40 0 0.24451628820504606
PROB: 2 30 40 1 0.12379864320827554
PROB: 2 31 32 0 0.2631190249606759
PROB: 2 31 32 1 0.28927548590480145
PROB: 2 31 33 0 0.3645316823532995
PROB: 2 31 33 1 0.5655509441517358
PROB: 2 31 34 0 0.29064829289171784
PROB: 2 31 34 1 0.20706052769681382
PROB: 2 31 35 0 0.20749094205605778
PROB: 2 31 35 1 0.31655477518843667
PROB: 2 31 36 0 0.11176963667153503
PROB: 2 31 36 1 0.06501247686099533
PROB: 2 31 37 0 -0.07662569587269902
PROB: 2 31 37 1 0.18075495153374913
PROB: 2 31 38 0 0.013255808164237642
PROB: 2 31 38 1 0.05619218544740655
PROB: 2 31 39 0 -0.07747219003923272
PROB: 2 31 39 1 0.1799084573672154
PROB: 2 31 40 0 0.25512737143390446
PROB: 2 31 40 1 0.029084753107776085
PROB: 2 32 33 0 0.24530442834236976
PROB: 2 32 33 1 0.6422607776420968
PROB: 2 32 34 0 0.15541741352134542
PROB: 2 32 34 1 0.17866313068407383
PROB: 2 32 35 0 0.19677919828731685
PROB: 2 32 35 1 0.28088747120252044
PROB: 2 32 36 0 0.07115169388539445
PROB: 2 32 36 1 0.09578522518102434
PROB: 2 32 37 0 -0.048855588099578885
PROB: 2 32 37 1 0.18805245718075714
PROB: 2 32 38 0 0.013006985731210906
PROB: 2 32 38 1 -0.14191771951612134
PROB: 2 32 39 0 -0.22252721586533342
PROB: 2 32 39 1 0.1461901387871298
PROB: 2 32 40 0 0.23588410750495264
PROB: 2 32 40 1 0.0613718316329326
PROB: 2 33 34 0 0.6465971956070943
PROB: 2 33 34 1 0.1633306561192127
PROB: 2 33 35 0 0.7909321333010115
PROB: 2 33 35 1 0.515608543809359
PROB: 2 33 36 0 0.30937724316358295
PROB: 2 33 36 1 0.07584181482593326
PROB: 2 33 37 0 0.435928052732477
PROB: 2 33 37 1 0.2874945147730862
PROB: 2 33 38 0 0.43087866193788954
PROB: 2 33 38 1 0.21153131412200138
PROB: 2 33 39 0 0.15134324282474804
PROB: 2 33 39 1 -0.010576154959838689
PROB: 2 33 40 0 0.7698932291282121
PROB: 2 33 40 1 -0.04017187451261035
PROB: 2 34 35 0 0.5187896404384864
PROB: 2 34 35 1 1.3734943791207153
PROB: 2 34 36 0 0.3134241325559247
PROB: 2 34 36 1 0.23675769427864
PROB: 2 34 37 0 0.5413457433325878
PROB: 2 34 37 1 0.45921535003447617
PROB: 2 34 38 0 0.35418164361465193
PROB: 2 34 38 1 0.05583265919210307
PROB: 2 34 39 0 0.4227091804137513
PROB: 2 34 39 1 0.26604010753149016
PROB: 2 34 40 0 0.33805287606677964
PROB: 2 34 40 1 0.04586654615423386
PROB: 2 35 36 0 0.5199650954151753
PROB: 2 35 36 1 0.151173921462939
PROB: 2 35 37 0 0.8471268859741948
PROB: 2 35 37 1 0.5554145376014478
PROB: 2 35 38 0 0.6231092106088105
PROB: 2 35 38 1 0.17785420681681466
PROB: 2 35 39 0 0.4992067179317401
PROB: 2 35 39 1 0.4890236239325039
PROB: 2 35 40 0 0.23268895433142045
PROB: 2 35 40 1 0.0911645976102258
PROB: 2 36 37 0 0.31455214901759315
PROB: 2 36 37 1 1.1245804675865252
PROB: 2 36 38 0 0.318383916335876
PROB: 2 36 38 1 0.2555953515056737
PROB: 2 36 39 0 0.16660074898946312
PROB: 2 36 39 1 0.792433902627759
PROB: 2 36 40 0 0.2047528405393402
PROB: 2 36 40 1 0.207691829809029
PROB: 2 37 38 0 1.3421891871097866
PROB: 2 37 38 1 0.514165075014258
PROB: 2 37 39 0 0.14329073718582908
PROB: 2 37 39 1 0.4249529782075158
PROB: 2 37 40 0 0.09923054620245315
PROB: 2 37 40 1 0.17464222542124455
PROB: 2 38 39 0 1.121609814147048
PROB: 2 38 39 1 0.6369851945591376
PROB: 2 38 40 0 0.1807411123527181
PROB: 2 38 40 1 0.2671102055323216
PROB: 2 39 40 0 -0.001751678852093725
PROB: 2 39 40 1 0.13278621222471898
DONE:

FINAL: 0 36.51545607679431

RESULT: 8|1:0 8|2:0 4|3:0 7|4:0 7|5:0 7|6:0 8|7:0 0|8:0 8|9:0 8|10:0 10|11:0 10|12:0 10|13:0 15|14:0 18|15:0 18|16:0 18|17:0 19|18:0 10|19:0 21|20:0 19|21:0 23|22:0 21|23:0 23|24:0 24|25:0 23|26:0 29|27:0 29|28:0 26|29:0 23|30:0 33|31:0 33|32:0 30|33:0 35|34:0 33|35:0 37|36:0 35|37:0 37|38:0 38|39:0 8|40:0
3 
OTHER: 3 0 0 0 0 0.0
OTHER: 3 0 0 0 1 0.0
OTHER: 3 0 0 1 0 0.0
OTHER: 3 0 0 1 1 0.0
OTHER: 3 1 0 0 0 0.0
OTHER: 3 1 0 0 1 0.0
OTHER: 3 1 0 1 0 0.0
OTHER: 3 1 0 1 1 0.0
OTHER: 3 2 0 0 0 0.0
OTHER: 3 2 0 0 1 0.0
OTHER: 3 2 0 1 0 0.0
OTHER: 3 2 0 1 1 0.0
OTHER: 3 3 0 0 0 0.0
OTHER: 3 3 0 0 1 0.0
OTHER: 3 3 0 1 0 0.0
OTHER: 3 3 0 1 1 0.0
OTHER: 3 4 0 0 0 0.0
OTHER: 3 4 0 0 1 0.0
OTHER: 3 4 0 1 0 0.0
OTHER: 3 4 0 1 1 0.0